Date,High,Low
1980-01-02 16:00:00,108.43,105.29
1980-01-03 16:00:00,106.08,103.26
1980-01-04 16:00:00,107.08,105.09
1980-01-07 16:00:00,107.8,105.8
1980-01-08 16:00:00,109.29,106.29
1980-01-09 16:00:00,111.09,108.41
1980-01-10 16:00:00,110.86,108.47
1980-01-11 16:00:00,111.16,108.89
1980-01-14 16:00:00,111.44,109.34
1980-01-15 16:00:00,111.93,109.45
1980-01-16 16:00:00,112.9,110.38
1980-01-17 16:00:00,112.01,109.81
1980-01-18 16:00:00,111.74,109.88
1980-01-21 16:00:00,112.9,110.66
1980-01-22 16:00:00,113.1,110.92
1980-01-23 16:00:00,113.93,110.93
1980-01-24 16:00:00,115.27,112.95
1980-01-25 16:00:00,114.45,112.36
1980-01-28 16:00:00,115.65,112.93
1980-01-29 16:00:00,115.77,113.03
1980-01-30 16:00:00,115.85,113.37
1980-01-31 16:00:00,117.17,113.78
1980-02-01 16:00:00,115.54,113.13
1980-02-04 16:00:00,116.01,113.83
1980-02-05 16:00:00,115.25,112.15
1980-02-06 16:00:00,116.57,113.65
1980-02-07 16:00:00,117.87,115.22
1980-02-08 16:00:00,118.66,115.72
1980-02-11 16:00:00,119.05,116.31
1980-02-12 16:00:00,118.41,115.75
1980-02-13 16:00:00,120.22,117.57
1980-02-14 16:00:00,119.3,116.04
1980-02-15 16:00:00,116.7,114.12
1980-02-19 16:00:00,115.67,113.35
1980-02-20 16:00:00,117.18,114.06
1980-02-21 16:00:00,117.9,114.44
1980-02-22 16:00:00,116.46,113.43
1980-02-25 16:00:00,114.93,112.62
1980-02-26 16:00:00,114.76,112.3
1980-02-27 16:00:00,115.12,111.91
1980-02-28 16:00:00,113.7,111.33
1980-02-29 16:00:00,114.12,111.77
1980-03-03 16:00:00,114.34,112.01
1980-03-04 16:00:00,113.41,110.83
1980-03-05 16:00:00,113.94,110.58
1980-03-06 16:00:00,111.29,107.85
1980-03-07 16:00:00,108.96,105.99
1980-03-10 16:00:00,107.86,104.92
1980-03-11 16:00:00,108.54,106.18
1980-03-12 16:00:00,108.4,105.42
1980-03-13 16:00:00,107.55,105.1
1980-03-14 16:00:00,106.49,104.01
1980-03-17 16:00:00,105.23,101.82
1980-03-18 16:00:00,104.71,101.14
1980-03-19 16:00:00,105.72,103.35
1980-03-20 16:00:00,105.17,102.52
1980-03-21 16:00:00,103.73,101.55
1980-03-24 16:00:00,102.18,98.88
1980-03-25 16:00:00,100.58,97.89
1980-03-26 16:00:00,101.22,98.1
1980-03-27 16:00:00,99.58,94.23
1980-03-28 16:00:00,101.43,97.72
1980-03-31 16:00:00,102.65,100.02
1980-04-01 16:00:00,103.28,100.85
1980-04-02 16:00:00,103.87,101.45
1980-04-03 16:00:00,103.34,101.31
1980-04-07 16:00:00,102.27,99.73
1980-04-08 16:00:00,101.88,99.23
1980-04-09 16:00:00,103.6,101.01
1980-04-10 16:00:00,105,102.81
1980-04-11 16:00:00,105.15,103.2
1980-04-14 16:00:00,103.92,102.08
1980-04-15 16:00:00,103.94,101.85
1980-04-16 16:00:00,104.42,101.13
1980-04-17 16:00:00,102.21,100.12
1980-04-18 16:00:00,102.07,99.97
1980-04-21 16:00:00,101.26,98.95
1980-04-22 16:00:00,104.02,100.81
1980-04-23 16:00:00,105.11,102.81
1980-04-24 16:00:00,105.43,102.93
1980-04-25 16:00:00,105.57,103.02
1980-04-28 16:00:00,106.79,104.64
1980-04-29 16:00:00,106.7,104.86
1980-04-30 16:00:00,106.72,104.5
1980-05-01 16:00:00,106.86,104.72
1980-05-02 16:00:00,106.25,104.61
1980-05-05 16:00:00,106.83,104.64
1980-05-06 16:00:00,107.83,105.36
1980-05-07 16:00:00,108.12,105.83
1980-05-08 16:00:00,108.02,105.5
1980-05-09 16:00:00,106.2,104.18
1980-05-12 16:00:00,105.48,103.5
1980-05-13 16:00:00,106.76,104.44
1980-05-14 16:00:00,107.89,106
1980-05-15 16:00:00,107.99,106.07
1980-05-16 16:00:00,107.89,106.25
1980-05-19 16:00:00,108.43,106.51
1980-05-20 16:00:00,108.39,106.75
1980-05-21 16:00:00,108.31,106.54
1980-05-22 16:00:00,109.73,107.34
1980-05-23 16:00:00,111.37,109.01
1980-05-26 16:00:00,111.4,111.4
1980-05-27 16:00:00,112.3,110.35
1980-05-28 16:00:00,112.72,110.42
1980-05-29 16:00:00,112.64,109.86
1980-05-30 16:00:00,111.55,108.87
1980-06-02 16:00:00,112.15,110.06
1980-06-03 16:00:00,111.63,109.77
1980-06-04 16:00:00,113.45,110.22
1980-06-05 16:00:00,114.38,111.89
1980-06-06 16:00:00,114.01,112.11
1980-06-09 16:00:00,114.51,112.68
1980-06-10 16:00:00,115.5,113.17
1980-06-11 16:00:00,116.64,114.22
1980-06-12 16:00:00,117.01,114.28
1980-06-13 16:00:00,116.94,114.67
1980-06-16 16:00:00,116.8,114.78
1980-06-17 16:00:00,117.16,115.13
1980-06-18 16:00:00,116.84,114.77
1980-06-19 16:00:00,116.81,114.36
1980-06-20 16:00:00,114.9,113.12
1980-06-23 16:00:00,115.28,113.35
1980-06-24 16:00:00,115.75,113.76
1980-06-25 16:00:00,117.37,115.07
1980-06-26 16:00:00,117.98,115.58
1980-06-27 16:00:00,116.93,115.06
1980-06-30 16:00:00,116.04,113.55
1980-07-01 16:00:00,115.45,113.54
1980-07-02 16:00:00,116.44,114.36
1980-07-03 16:00:00,117.8,115.49
1980-07-07 16:00:00,118.85,116.96
1980-07-08 16:00:00,119.11,117.07
1980-07-09 16:00:00,119.52,117.1
1980-07-10 16:00:00,118.57,116.38
1980-07-11 16:00:00,118.38,116.29
1980-07-14 16:00:00,120.37,117.45
1980-07-15 16:00:00,121.56,118.85
1980-07-16 16:00:00,120.87,118.54
1980-07-17 16:00:00,121.84,119.43
1980-07-18 16:00:00,123.19,120.88
1980-07-21 16:00:00,123.15,120.85
1980-07-22 16:00:00,123.9,121.38
1980-07-23 16:00:00,123.26,120.93
1980-07-24 16:00:00,122.98,120.83
1980-07-25 16:00:00,121.96,119.94
1980-07-28 16:00:00,122.02,119.78
1980-07-29 16:00:00,122.99,120.76
1980-07-30 16:00:00,123.93,121.16
1980-07-31 16:00:00,122.34,119.4
1980-08-01 16:00:00,122.38,120.08
1980-08-04 16:00:00,121.63,119.42
1980-08-05 16:00:00,122.09,119.96
1980-08-06 16:00:00,122.01,119.94
1980-08-07 16:00:00,123.84,121.66
1980-08-08 16:00:00,125.23,122.82
1980-08-11 16:00:00,125.31,122.85
1980-08-12 16:00:00,125.78,123.29
1980-08-13 16:00:00,124.67,122.49
1980-08-14 16:00:00,125.62,122.68
1980-08-15 16:00:00,126.61,124.57
1980-08-18 16:00:00,125.28,122.82
1980-08-19 16:00:00,124,121.97
1980-08-20 16:00:00,124.27,121.91
1980-08-21 16:00:00,125.99,123.61
1980-08-22 16:00:00,127.78,125.18
1980-08-25 16:00:00,126.28,124.65
1980-08-26 16:00:00,126.29,124.01
1980-08-27 16:00:00,124.98,122.93
1980-08-28 16:00:00,123.91,121.61
1980-08-29 16:00:00,123.01,121.06
1980-09-02 16:00:00,124.36,121.79
1980-09-03 16:00:00,126.43,123.87
1980-09-04 16:00:00,127.7,124.42
1980-09-05 16:00:00,126.12,124.08
1980-09-08 16:00:00,125.67,122.78
1980-09-09 16:00:00,124.52,121.94
1980-09-10 16:00:00,125.95,123.6
1980-09-11 16:00:00,126.48,124.19
1980-09-12 16:00:00,126.75,124.72
1980-09-15 16:00:00,126.35,124.09
1980-09-16 16:00:00,127.78,125.15
1980-09-17 16:00:00,129.68,126.37
1980-09-18 16:00:00,130.38,127.63
1980-09-19 16:00:00,130.33,127.57
1980-09-22 16:00:00,130.99,127.89
1980-09-23 16:00:00,132.17,128.55
1980-09-24 16:00:00,131.34,128.45
1980-09-25 16:00:00,131.53,128.13
1980-09-26 16:00:00,128.17,125.29
1980-09-29 16:00:00,125.41,122.87
1980-09-30 16:00:00,126.09,123.54
1980-10-01 16:00:00,127.88,124.66
1980-10-02 16:00:00,128.82,126.04
1980-10-03 16:00:00,130.44,127.65
1980-10-06 16:00:00,132.38,129.35
1980-10-07 16:00:00,132.88,130.1
1980-10-08 16:00:00,132.78,130.28
1980-10-09 16:00:00,132.65,130.25
1980-10-10 16:00:00,132.15,129.58
1980-10-13 16:00:00,132.46,129.37
1980-10-14 16:00:00,133.57,131.16
1980-10-15 16:00:00,134.35,131.59
1980-10-16 16:00:00,135.88,131.64
1980-10-17 16:00:00,133.07,130.22
1980-10-20 16:00:00,133.21,130.04
1980-10-21 16:00:00,134.01,130.78
1980-10-22 16:00:00,132.97,130.62
1980-10-23 16:00:00,132.54,128.87
1980-10-24 16:00:00,130.55,128.04
1980-10-27 16:00:00,129.94,127.34
1980-10-28 16:00:00,128.86,126.36
1980-10-29 16:00:00,129.91,127.07
1980-10-30 16:00:00,128.71,125.78
1980-10-31 16:00:00,128.24,125.29
1980-11-03 16:00:00,129.85,127.23
1980-11-04 16:00:00,131.33,131.33
1980-11-05 16:00:00,135.65,130.77
1980-11-06 16:00:00,131.3,128.23
1980-11-07 16:00:00,130.08,127.74
1980-11-10 16:00:00,130.51,128.19
1980-11-11 16:00:00,132.3,129.48
1980-11-12 16:00:00,135.12,131.33
1980-11-13 16:00:00,137.21,134.12
1980-11-14 16:00:00,138.96,135.12
1980-11-17 16:00:00,138.46,134.9
1980-11-18 16:00:00,140.92,137.91
1980-11-19 16:00:00,141.76,138.06
1980-11-20 16:00:00,141.24,137.79
1980-11-21 16:00:00,141.24,138.1
1980-11-24 16:00:00,139.36,136.36
1980-11-25 16:00:00,140.83,137.42
1980-11-26 16:00:00,141.96,138.6
1980-11-27 16:00:00,140.52,140.52
1980-11-28 16:00:00,141.54,139
1980-12-01 16:00:00,140.66,136.75
1980-12-02 16:00:00,138.11,134.37
1980-12-03 16:00:00,138.09,135.43
1980-12-04 16:00:00,138.4,135.09
1980-12-05 16:00:00,136.37,132.91
1980-12-08 16:00:00,133.19,129.71
1980-12-09 16:00:00,131.92,128.77
1980-12-10 16:00:00,131.99,127.94
1980-12-11 16:00:00,128.73,125.32
1980-12-12 16:00:00,129.98,127.15
1980-12-15 16:00:00,131.33,128.64
1980-12-16 16:00:00,131.22,128.33
1980-12-17 16:00:00,133.59,130.22
1980-12-18 16:00:00,135.9,131.89
1980-12-19 16:00:00,134,131.8
1980-12-22 16:00:00,136.68,132.88
1980-12-23 16:00:00,137.48,134.01
1980-12-24 16:00:00,136.55,134.15
1980-12-26 16:00:00,137.02,135.2
1980-12-29 16:00:00,137.51,134.36
1980-12-30 16:00:00,136.51,134.04
1980-12-31 16:00:00,136.76,134.29
1981-01-02 16:00:00,137.1,134.61
1981-01-05 16:00:00,139.24,135.86
1981-01-06 16:00:00,140.32,135.78
1981-01-07 16:00:00,136.02,132.3
1981-01-08 16:00:00,136.1,131.96
1981-01-09 16:00:00,134.76,131.71
1981-01-12 16:00:00,135.88,132.79
1981-01-13 16:00:00,134.27,131.69
1981-01-14 16:00:00,135.25,132.65
1981-01-15 16:00:00,135.15,132.44
1981-01-16 16:00:00,135.91,133.35
1981-01-19 16:00:00,135.86,133.51
1981-01-20 16:00:00,135.3,131.26
1981-01-21 16:00:00,132.48,129.93
1981-01-22 16:00:00,132.08,129.23
1981-01-23 16:00:00,131.34,129
1981-01-26 16:00:00,131.18,128.57
1981-01-27 16:00:00,131.95,129.32
1981-01-28 16:00:00,132.41,129.82
1981-01-29 16:00:00,131.78,128.97
1981-01-30 16:00:00,131.65,128.61
1981-02-02 16:00:00,129.48,125.82
1981-02-03 16:00:00,128.92,125.89
1981-02-04 16:00:00,129.71,127.29
1981-02-05 16:00:00,130.49,127.99
1981-02-06 16:00:00,131.81,129.03
1981-02-09 16:00:00,131.39,128.61
1981-02-10 16:00:00,130.19,128.05
1981-02-11 16:00:00,129.92,127.6
1981-02-12 16:00:00,128.95,126.78
1981-02-13 16:00:00,128.34,126.04
1981-02-16 16:00:00,128.37,128.37
1981-02-17 16:00:00,128.75,126.43
1981-02-18 16:00:00,129.25,127.09
1981-02-19 16:00:00,129.07,125.98
1981-02-20 16:00:00,127.65,124.66
1981-02-23 16:00:00,128.28,125.69
1981-02-24 16:00:00,128.76,126.49
1981-02-25 16:00:00,129.21,125.77
1981-02-26 16:00:00,130.93,128.02
1981-02-27 16:00:00,132.02,129.35
1981-03-02 16:00:00,132.96,130.15
1981-03-03 16:00:00,132.72,129.66
1981-03-04 16:00:00,132.07,129.57
1981-03-05 16:00:00,131.82,129.25
1981-03-06 16:00:00,131.18,128.56
1981-03-09 16:00:00,131.94,129.39
1981-03-10 16:00:00,132.64,129.72
1981-03-11 16:00:00,131.2,128.72
1981-03-12 16:00:00,133.56,129.76
1981-03-13 16:00:00,135.53,132.39
1981-03-16 16:00:00,135.35,132.1
1981-03-17 16:00:00,136.09,132.8
1981-03-18 16:00:00,135.66,132.8
1981-03-19 16:00:00,135.37,132.37
1981-03-20 16:00:00,135.29,132.5
1981-03-23 16:00:00,136.5,133.41
1981-03-24 16:00:00,137.4,134.1
1981-03-25 16:00:00,137.32,133.92
1981-03-26 16:00:00,138.38,135.29
1981-03-27 16:00:00,136.89,133.91
1981-03-30 16:00:00,135.87,133.51
1981-03-31 16:00:00,137.15,134.68
1981-04-01 16:00:00,137.56,135.04
1981-04-02 16:00:00,137.72,135.16
1981-04-03 16:00:00,137.04,134.67
1981-04-06 16:00:00,135.61,132.91
1981-04-07 16:00:00,135.27,132.96
1981-04-08 16:00:00,135.34,133.26
1981-04-09 16:00:00,135.8,132.59
1981-04-10 16:00:00,136.23,133.18
1981-04-13 16:00:00,134.91,132.24
1981-04-14 16:00:00,134.03,131.58
1981-04-15 16:00:00,134.79,132.2
1981-04-16 16:00:00,135.82,133.43
1981-04-20 16:00:00,136.25,133.19
1981-04-21 16:00:00,136.38,133.49
1981-04-22 16:00:00,135.54,132.72
1981-04-23 16:00:00,135.9,132.9
1981-04-24 16:00:00,136,132.88
1981-04-27 16:00:00,136.56,134.13
1981-04-28 16:00:00,136.09,133.1
1981-04-29 16:00:00,134.69,131.82
1981-04-30 16:00:00,134.44,131.85
1981-05-01 16:00:00,134.17,131.43
1981-05-04 16:00:00,131.78,129.61
1981-05-05 16:00:00,131.33,128.93
1981-05-06 16:00:00,132.38,130.09
1981-05-07 16:00:00,132.41,130.21
1981-05-08 16:00:00,132.69,130.84
1981-05-11 16:00:00,132.23,129.11
1981-05-12 16:00:00,131.17,128.78
1981-05-13 16:00:00,131.96,129.53
1981-05-14 16:00:00,132.15,129.91
1981-05-15 16:00:00,133.21,130.75
1981-05-18 16:00:00,133.65,131.49
1981-05-19 16:00:00,133.22,130.78
1981-05-20 16:00:00,133.03,130.59
1981-05-21 16:00:00,133.03,130.7
1981-05-22 16:00:00,132.65,130.42
1981-05-25 16:00:00,132.77,132.77
1981-05-26 16:00:00,133.3,130.64
1981-05-27 16:00:00,134.65,131.85
1981-05-28 16:00:00,134.92,132
1981-05-29 16:00:00,134.36,131.52
1981-06-01 16:00:00,134.62,131.49
1981-06-02 16:00:00,132.96,129.84
1981-06-03 16:00:00,131.37,128.77
1981-06-04 16:00:00,132.21,129.72
1981-06-05 16:00:00,132.98,130.17
1981-06-08 16:00:00,133.68,131.29
1981-06-09 16:00:00,133.3,130.94
1981-06-10 16:00:00,133.49,131.04
1981-06-11 16:00:00,134.31,131.58
1981-06-12 16:00:00,135.09,132.4
1981-06-15 16:00:00,135.67,132.78
1981-06-16 16:00:00,134,131.29
1981-06-17 16:00:00,133.98,130.81
1981-06-18 16:00:00,133.98,130.94
1981-06-19 16:00:00,133.27,130.49
1981-06-22 16:00:00,133.54,131.1
1981-06-23 16:00:00,133.98,131.16
1981-06-24 16:00:00,133.9,131.65
1981-06-25 16:00:00,134.3,131.78
1981-06-26 16:00:00,133.75,131.71
1981-06-29 16:00:00,133.5,131.2
1981-06-30 16:00:00,132.67,130.31
1981-07-01 16:00:00,131.69,129.04
1981-07-02 16:00:00,130.48,127.84
1981-07-06 16:00:00,128.99,126.44
1981-07-07 16:00:00,129.6,126.39
1981-07-08 16:00:00,129.57,126.95
1981-07-09 16:00:00,130.08,127.57
1981-07-10 16:00:00,130.43,128.38
1981-07-13 16:00:00,130.82,128.79
1981-07-14 16:00:00,130.78,128.14
1981-07-15 16:00:00,131.59,128.89
1981-07-16 16:00:00,131.41,129.3
1981-07-17 16:00:00,131.6,129.49
1981-07-20 16:00:00,130.6,127.98
1981-07-21 16:00:00,129.6,127.08
1981-07-22 16:00:00,129.72,126.7
1981-07-23 16:00:00,128.26,125.96
1981-07-24 16:00:00,129.31,127.11
1981-07-27 16:00:00,130.61,128.43
1981-07-28 16:00:00,130.44,128.28
1981-07-29 16:00:00,130.09,128.37
1981-07-30 16:00:00,130.68,128.56
1981-07-31 16:00:00,131.78,129.6
1981-08-03 16:00:00,131.74,129.42
1981-08-04 16:00:00,131.66,129.43
1981-08-05 16:00:00,133.39,130.76
1981-08-06 16:00:00,134.04,131.74
1981-08-07 16:00:00,133.04,130.96
1981-08-10 16:00:00,133.32,130.83
1981-08-11 16:00:00,134.63,132.09
1981-08-12 16:00:00,135.18,132.73
1981-08-13 16:00:00,134.58,132.53
1981-08-14 16:00:00,134.33,131.91
1981-08-17 16:00:00,133.02,130.75
1981-08-18 16:00:00,131.73,129.1
1981-08-19 16:00:00,131.2,128.99
1981-08-20 16:00:00,131.74,129.84
1981-08-21 16:00:00,131.06,128.7
1981-08-24 16:00:00,128.59,125.02
1981-08-25 16:00:00,125.77,123
1981-08-26 16:00:00,126.17,123.99
1981-08-27 16:00:00,125.31,122.9
1981-08-28 16:00:00,125.09,122.85
1981-08-31 16:00:00,125.58,122.29
1981-09-01 16:00:00,123.92,121.59
1981-09-02 16:00:00,124.58,122.54
1981-09-03 16:00:00,124.16,120.82
1981-09-04 16:00:00,121.54,119.24
1981-09-07 16:00:00,117.98,117.98
1981-09-08 16:00:00,120.12,116.85
1981-09-09 16:00:00,119.49,116.87
1981-09-10 16:00:00,122.18,118.33
1981-09-11 16:00:00,122.13,119.29
1981-09-14 16:00:00,122,119.67
1981-09-15 16:00:00,121.77,119.27
1981-09-16 16:00:00,120,117.89
1981-09-17 16:00:00,119.87,116.63
1981-09-18 16:00:00,117.69,115.18
1981-09-21 16:00:00,118.07,115.04
1981-09-22 16:00:00,118.19,115.93
1981-09-23 16:00:00,116.68,113.6
1981-09-24 16:00:00,117.47,114.32
1981-09-25 16:00:00,114.69,111.64
1981-09-28 16:00:00,115.83,110.19
1981-09-29 16:00:00,117.75,114.75
1981-09-30 16:00:00,117.05,114.6
1981-10-01 16:00:00,117.66,115
1981-10-02 16:00:00,120.16,117.07
1981-10-05 16:00:00,121.54,118.61
1981-10-06 16:00:00,121.39,118.08
1981-10-07 16:00:00,121.87,119.09
1981-10-08 16:00:00,123.08,120.23
1981-10-09 16:00:00,123.28,120.63
1981-10-12 16:00:00,122.37,120.17
1981-10-13 16:00:00,122.37,119.96
1981-10-14 16:00:00,120.97,118.38
1981-10-15 16:00:00,120.58,118.01
1981-10-16 16:00:00,120.46,118.38
1981-10-19 16:00:00,119.85,117.58
1981-10-20 16:00:00,121.29,118.78
1981-10-21 16:00:00,121.94,119.35
1981-10-22 16:00:00,120.78,118.48
1981-10-23 16:00:00,119.92,117.78
1981-10-26 16:00:00,119,116.81
1981-10-27 16:00:00,120.43,117.8
1981-10-28 16:00:00,120.96,118.39
1981-10-29 16:00:00,120.37,118.14
1981-10-30 16:00:00,122.53,118.43
1981-11-02 16:00:00,125.14,122.35
1981-11-03 16:00:00,125.52,123.14
1981-11-04 16:00:00,126,123.64
1981-11-05 16:00:00,125.8,122.98
1981-11-06 16:00:00,124.03,121.85
1981-11-09 16:00:00,124.13,121.59
1981-11-10 16:00:00,124.69,122.01
1981-11-11 16:00:00,123.82,121.51
1981-11-12 16:00:00,124.71,122.19
1981-11-13 16:00:00,123.61,121.06
1981-11-16 16:00:00,121.64,119.13
1981-11-17 16:00:00,121.78,119.5
1981-11-18 16:00:00,121.66,119.61
1981-11-19 16:00:00,121.67,119.42
1981-11-20 16:00:00,122.59,120.13
1981-11-23 16:00:00,123.09,120.76
1981-11-24 16:00:00,124.04,121.22
1981-11-25 16:00:00,125.29,123.07
1981-11-27 16:00:00,125.71,123.63
1981-11-30 16:00:00,126.97,124.18
1981-12-01 16:00:00,127.3,124.84
1981-12-02 16:00:00,126.45,124.18
1981-12-03 16:00:00,125.84,123.63
1981-12-04 16:00:00,127.32,125.12
1981-12-07 16:00:00,126.91,124.67
1981-12-08 16:00:00,125.75,123.52
1981-12-09 16:00:00,126.08,124.09
1981-12-10 16:00:00,126.54,124.6
1981-12-11 16:00:00,126.26,124.32
1981-12-14 16:00:00,124.37,122.17
1981-12-15 16:00:00,123.78,121.83
1981-12-16 16:00:00,123.66,121.73
1981-12-17 16:00:00,123.79,121.82
1981-12-18 16:00:00,124.87,122.56
1981-12-21 16:00:00,124.71,122.67
1981-12-22 16:00:00,124.17,122.19
1981-12-23 16:00:00,123.59,121.58
1981-12-24 16:00:00,123.06,121.57
1981-12-28 16:00:00,123.36,121.73
1981-12-29 16:00:00,122.9,121.12
1981-12-30 16:00:00,123.11,121.04
1981-12-31 16:00:00,123.42,121.57
1982-01-04 16:00:00,123.72,121.48
1982-01-05 16:00:00,122.61,119.57
1982-01-06 16:00:00,120.45,117.99
1982-01-07 16:00:00,119.88,117.7
1982-01-08 16:00:00,120.59,118.55
1982-01-11 16:00:00,120.34,116.47
1982-01-12 16:00:00,117.49,115.18
1982-01-13 16:00:00,117.46,114.24
1982-01-14 16:00:00,116.3,114.07
1982-01-15 16:00:00,117.14,115.1
1982-01-18 16:00:00,117.69,114.85
1982-01-19 16:00:00,118.15,115.52
1982-01-20 16:00:00,116.64,114.29
1982-01-21 16:00:00,116.92,114.6
1982-01-22 16:00:00,116.53,114.58
1982-01-25 16:00:00,115.93,113.63
1982-01-26 16:00:00,116.6,114.49
1982-01-27 16:00:00,116.6,114.38
1982-01-28 16:00:00,119.35,116.1
1982-01-29 16:00:00,121.38,118.64
1982-02-01 16:00:00,119.81,117.14
1982-02-02 16:00:00,119.15,116.91
1982-02-03 16:00:00,118.67,116.04
1982-02-04 16:00:00,117.49,114.88
1982-02-05 16:00:00,118.26,115.74
1982-02-08 16:00:00,117.04,114.2
1982-02-09 16:00:00,115.15,112.82
1982-02-10 16:00:00,115.62,113.45
1982-02-11 16:00:00,115.59,113.41
1982-02-12 16:00:00,115.39,113.7
1982-02-16 16:00:00,114.63,112.06
1982-02-17 16:00:00,115.09,112.97
1982-02-18 16:00:00,115.04,112.97
1982-02-19 16:00:00,114.58,112.33
1982-02-22 16:00:00,114.9,111.2
1982-02-23 16:00:00,112.46,110.03
1982-02-24 16:00:00,113.88,110.71
1982-02-25 16:00:00,114.86,112.44
1982-02-26 16:00:00,114.01,112.04
1982-03-01 16:00:00,114.32,111.86
1982-03-02 16:00:00,114.8,112.03
1982-03-03 16:00:00,112.51,109.98
1982-03-04 16:00:00,111.78,108.77
1982-03-05 16:00:00,110.9,108.31
1982-03-08 16:00:00,111.06,107.03
1982-03-09 16:00:00,109.88,106.17
1982-03-10 16:00:00,110.98,108.09
1982-03-11 16:00:00,110.87,108.38
1982-03-12 16:00:00,109.72,104.46
1982-03-15 16:00:00,109.99,107.47
1982-03-16 16:00:00,110.92,108.57
1982-03-17 16:00:00,110.1,108.11
1982-03-18 16:00:00,111.02,108.85
1982-03-19 16:00:00,111.59,109.64
1982-03-22 16:00:00,113.35,110.71
1982-03-23 16:00:00,114.51,112.29
1982-03-24 16:00:00,114.31,112.23
1982-03-25 16:00:00,114.26,112.02
1982-03-26 16:00:00,113.43,111.26
1982-03-29 16:00:00,112.82,110.9
1982-03-30 16:00:00,113.09,111.3
1982-03-31 16:00:00,113.17,111.32
1982-04-01 16:00:00,114.22,111.48
1982-04-02 16:00:00,115.79,113.65
1982-04-05 16:00:00,115.9,113.94
1982-04-06 16:00:00,115.92,113.7
1982-04-07 16:00:00,116.45,114.58
1982-04-08 16:00:00,116.94,114.94
1982-04-12 16:00:00,117.02,115.16
1982-04-13 16:00:00,117.12,115.16
1982-04-14 16:00:00,116.69,114.8
1982-04-15 16:00:00,116.86,115.02
1982-04-16 16:00:00,117.7,115.68
1982-04-19 16:00:00,118.16,115.83
1982-04-20 16:00:00,117.14,114.83
1982-04-21 16:00:00,115.87,115.3
1982-04-22 16:00:00,117.25,115.72
1982-04-23 16:00:00,118.64,117.19
1982-04-26 16:00:00,119.33,118.25
1982-04-27 16:00:00,119.26,117.73
1982-04-28 16:00:00,118.05,116.94
1982-04-29 16:00:00,117.24,116.11
1982-04-30 16:00:00,116.78,116.07
1982-05-03 16:00:00,116.82,115.91
1982-05-04 16:00:00,117.64,116.85
1982-05-05 16:00:00,118.05,117.31
1982-05-06 16:00:00,118.83,117.68
1982-05-07 16:00:00,119.89,118.71
1982-05-10 16:00:00,119.49,118.37
1982-05-11 16:00:00,119.59,118.32
1982-05-12 16:00:00,119.92,118.76
1982-05-13 16:00:00,119.2,118.13
1982-05-14 16:00:00,118.4,118.01
1982-05-17 16:00:00,118.02,116.66
1982-05-18 16:00:00,116.7,115.71
1982-05-19 16:00:00,115.96,114.82
1982-05-20 16:00:00,115.07,114.37
1982-05-21 16:00:00,115.13,114.6
1982-05-24 16:00:00,114.86,114.24
1982-05-25 16:00:00,115.51,114.4
1982-05-26 16:00:00,114.4,112.88
1982-05-27 16:00:00,113.12,112.58
1982-05-28 16:00:00,112.8,111.66
1982-06-01 16:00:00,112.07,111.66
1982-06-02 16:00:00,112.19,111.55
1982-06-03 16:00:00,112.48,111.45
1982-06-04 16:00:00,111.85,110.02
1982-06-07 16:00:00,110.59,109.42
1982-06-08 16:00:00,110.33,109.6
1982-06-09 16:00:00,109.63,108.53
1982-06-10 16:00:00,109.7,108.96
1982-06-11 16:00:00,111.48,109.65
1982-06-14 16:00:00,111.22,109.9
1982-06-15 16:00:00,109.96,108.98
1982-06-16 16:00:00,110.13,108.82
1982-06-17 16:00:00,108.85,107.48
1982-06-18 16:00:00,107.6,107.07
1982-06-21 16:00:00,107.88,107.01
1982-06-22 16:00:00,108.3,107.17
1982-06-23 16:00:00,110.14,108.09
1982-06-24 16:00:00,110.92,109.79
1982-06-25 16:00:00,109.83,109.09
1982-06-28 16:00:00,110.45,109.17
1982-06-29 16:00:00,110.57,109.68
1982-06-30 16:00:00,111,109.5
1982-07-01 16:00:00,109.63,108.62
1982-07-02 16:00:00,108.71,107.6
1982-07-06 16:00:00,107.67,106.74
1982-07-07 16:00:00,107.61,106.99
1982-07-08 16:00:00,107.53,105.57
1982-07-09 16:00:00,108.97,107.56
1982-07-12 16:00:00,109.62,108.89
1982-07-13 16:00:00,110.07,109.19
1982-07-14 16:00:00,110.44,109.08
1982-07-15 16:00:00,110.95,110.27
1982-07-16 16:00:00,111.48,110.16
1982-07-19 16:00:00,111.78,110.66
1982-07-20 16:00:00,111.56,110.35
1982-07-21 16:00:00,112.39,111.38
1982-07-22 16:00:00,112.02,110.94
1982-07-23 16:00:00,111.58,111.05
1982-07-26 16:00:00,111.16,110.29
1982-07-27 16:00:00,110.35,109.36
1982-07-28 16:00:00,109.42,107.53
1982-07-29 16:00:00,107.92,106.62
1982-07-30 16:00:00,107.95,107.01
1982-08-02 16:00:00,109.09,107.11
1982-08-03 16:00:00,109.43,107.81
1982-08-04 16:00:00,107.83,106.11
1982-08-05 16:00:00,106.1,104.76
1982-08-06 16:00:00,105.16,103.67
1982-08-09 16:00:00,103.69,102.2
1982-08-10 16:00:00,103.84,102.82
1982-08-11 16:00:00,103.01,102.48
1982-08-12 16:00:00,103.22,102.39
1982-08-13 16:00:00,103.85,102.4
1982-08-16 16:00:00,105.52,103.86
1982-08-17 16:00:00,109.04,104.09
1982-08-18 16:00:00,111.58,108.46
1982-08-19 16:00:00,109.86,108.34
1982-08-20 16:00:00,113.02,109.19
1982-08-23 16:00:00,116.11,112.65
1982-08-24 16:00:00,116.39,115.08
1982-08-25 16:00:00,118.12,115.11
1982-08-26 16:00:00,120.26,117.57
1982-08-27 16:00:00,118.56,116.63
1982-08-30 16:00:00,117.66,115.79
1982-08-31 16:00:00,119.6,117.65
1982-09-01 16:00:00,120.05,117.98
1982-09-02 16:00:00,120.32,117.84
1982-09-03 16:00:00,123.64,120.31
1982-09-07 16:00:00,122.68,121.19
1982-09-08 16:00:00,123.11,121.19
1982-09-09 16:00:00,123.22,121.9
1982-09-10 16:00:00,121.98,120.27
1982-09-13 16:00:00,122.24,120.25
1982-09-14 16:00:00,123.69,122.27
1982-09-15 16:00:00,124.81,122.72
1982-09-16 16:00:00,124.88,123.65
1982-09-17 16:00:00,123.76,122.34
1982-09-20 16:00:00,122.54,121.48
1982-09-21 16:00:00,124.91,122.51
1982-09-22 16:00:00,126.43,123.99
1982-09-23 16:00:00,124.19,122.96
1982-09-24 16:00:00,123.8,123.11
1982-09-27 16:00:00,123.62,122.75
1982-09-28 16:00:00,124.16,123.21
1982-09-29 16:00:00,123.24,121.28
1982-09-30 16:00:00,121.62,120.14
1982-10-01 16:00:00,121.97,120.15
1982-10-04 16:00:00,121.97,120.56
1982-10-05 16:00:00,122.73,121.6
1982-10-06 16:00:00,125.97,122
1982-10-07 16:00:00,128.96,125.99
1982-10-08 16:00:00,131.11,128.79
1982-10-11 16:00:00,135.53,131.06
1982-10-12 16:00:00,135.85,133.59
1982-10-13 16:00:00,137.97,134.14
1982-10-14 16:00:00,136.89,134.55
1982-10-15 16:00:00,134.61,133.28
1982-10-18 16:00:00,136.73,133.59
1982-10-19 16:00:00,137.96,135.72
1982-10-20 16:00:00,139.23,136.37
1982-10-21 16:00:00,140.27,137.63
1982-10-22 16:00:00,140.4,138.75
1982-10-25 16:00:00,138.81,133.32
1982-10-26 16:00:00,134.48,131.5
1982-10-27 16:00:00,135.92,134.48
1982-10-28 16:00:00,135.42,133.59
1982-10-29 16:00:00,134.02,132.64
1982-11-01 16:00:00,136.03,133.22
1982-11-02 16:00:00,138.51,135.48
1982-11-03 16:00:00,142.88,137.53
1982-11-04 16:00:00,143.99,141.65
1982-11-05 16:00:00,142.43,141.32
1982-11-08 16:00:00,142.12,139.98
1982-11-09 16:00:00,143.16,140.46
1982-11-10 16:00:00,144.36,140.8
1982-11-11 16:00:00,141.75,139.88
1982-11-12 16:00:00,141.85,139.53
1982-11-15 16:00:00,139.54,137
1982-11-16 16:00:00,136.97,134.05
1982-11-17 16:00:00,137.93,135.47
1982-11-18 16:00:00,138.78,137.47
1982-11-19 16:00:00,138.93,137
1982-11-22 16:00:00,137.1,134.21
1982-11-23 16:00:00,134.28,132.89
1982-11-24 16:00:00,133.88,132.92
1982-11-26 16:00:00,134.88,133.89
1982-11-29 16:00:00,135.29,133.69
1982-11-30 16:00:00,138.53,134.19
1982-12-01 16:00:00,140.37,138.35
1982-12-02 16:00:00,139.63,138.66
1982-12-03 16:00:00,139.59,138.59
1982-12-06 16:00:00,141.77,138.01
1982-12-07 16:00:00,143.68,141.79
1982-12-08 16:00:00,143.58,141.82
1982-12-09 16:00:00,141.8,139.92
1982-12-10 16:00:00,141.15,139.35
1982-12-13 16:00:00,140.12,139.5
1982-12-14 16:00:00,142.5,137.34
1982-12-15 16:00:00,137.4,135.12
1982-12-16 16:00:00,135.78,134.79
1982-12-17 16:00:00,137.71,135.35
1982-12-20 16:00:00,137.84,136.19
1982-12-21 16:00:00,139.27,136.07
1982-12-22 16:00:00,139.69,138.6
1982-12-23 16:00:00,139.94,138.84
1982-12-27 16:00:00,142.32,139.72
1982-12-28 16:00:00,142.34,140.75
1982-12-29 16:00:00,141.73,140.68
1982-12-30 16:00:00,141.68,140.22
1982-12-31 16:00:00,140.78,140.27
1983-01-03 16:00:00,141.33,138.2
1983-01-04 16:00:00,141.36,138.08
1983-01-05 16:00:00,142.6,141.15
1983-01-06 16:00:00,145.77,142.01
1983-01-07 16:00:00,146.46,145.15
1983-01-10 16:00:00,147.25,144.58
1983-01-11 16:00:00,146.83,145.38
1983-01-12 16:00:00,148.36,145.76
1983-01-13 16:00:00,146.94,145.67
1983-01-14 16:00:00,147.12,145.72
1983-01-17 16:00:00,147.9,146.64
1983-01-18 16:00:00,146.74,145.52
1983-01-19 16:00:00,146.45,144.51
1983-01-20 16:00:00,146.62,145.29
1983-01-21 16:00:00,146.3,143.25
1983-01-24 16:00:00,143.84,139.1
1983-01-25 16:00:00,141.75,139.98
1983-01-26 16:00:00,142.16,141.16
1983-01-27 16:00:00,144.3,141.54
1983-01-28 16:00:00,145.47,144.25
1983-01-31 16:00:00,145.3,143.93
1983-02-01 16:00:00,145.29,142.96
1983-02-02 16:00:00,143.52,141.9
1983-02-03 16:00:00,144.43,143.25
1983-02-04 16:00:00,146.14,144.14
1983-02-07 16:00:00,147.42,146.14
1983-02-08 16:00:00,147.21,145.52
1983-02-09 16:00:00,145.83,144.09
1983-02-10 16:00:00,147.75,145.04
1983-02-11 16:00:00,148.81,147.18
1983-02-14 16:00:00,149.14,147.4
1983-02-15 16:00:00,149.41,148.13
1983-02-16 16:00:00,148.66,147.41
1983-02-17 16:00:00,147.57,143.84
1983-02-18 16:00:00,148.29,147.21
1983-02-21 16:00:00,145.48,145.48
1983-02-22 16:00:00,148.11,145.42
1983-02-23 16:00:00,146.79,145.4
1983-02-24 16:00:00,149.67,146.8
1983-02-25 16:00:00,150.88,149.6
1983-02-28 16:00:00,149.74,147.81
1983-03-01 16:00:00,150.88,148.07
1983-03-02 16:00:00,152.63,150.91
1983-03-03 16:00:00,154.16,152.31
1983-03-04 16:00:00,153.67,152.53
1983-03-07 16:00:00,154,152.65
1983-03-08 16:00:00,153.63,151.26
1983-03-09 16:00:00,152.87,150.84
1983-03-10 16:00:00,154.01,151.75
1983-03-11 16:00:00,151.75,150.65
1983-03-14 16:00:00,151.3,150.24
1983-03-15 16:00:00,151.37,150.4
1983-03-16 16:00:00,151.62,149.78
1983-03-17 16:00:00,149.8,149.12
1983-03-18 16:00:00,150.29,149.56
1983-03-21 16:00:00,151.2,149.32
1983-03-22 16:00:00,151.59,150.6
1983-03-23 16:00:00,152.98,150.65
1983-03-24 16:00:00,153.78,152.82
1983-03-25 16:00:00,153.71,152.3
1983-03-28 16:00:00,152.67,151.56
1983-03-29 16:00:00,152.46,151.42
1983-03-30 16:00:00,153.39,151.6
1983-03-31 16:00:00,155.02,152.86
1983-04-01 16:00:00,153.02,153.02
1983-04-04 16:00:00,153.02,152.23
1983-04-05 16:00:00,153.92,151.81
1983-04-06 16:00:00,151.9,150.17
1983-04-07 16:00:00,151.76,150.81
1983-04-08 16:00:00,152.85,151.39
1983-04-11 16:00:00,155.14,152.87
1983-04-12 16:00:00,155.82,154.78
1983-04-13 16:00:00,157.22,155.82
1983-04-14 16:00:00,158.12,156.55
1983-04-15 16:00:00,158.75,158.11
1983-04-18 16:00:00,159.75,158.41
1983-04-19 16:00:00,159.74,158.54
1983-04-20 16:00:00,160.83,158.71
1983-04-21 16:00:00,161.08,159.96
1983-04-22 16:00:00,160.76,160.02
1983-04-25 16:00:00,160.83,158.72
1983-04-26 16:00:00,161.81,158.07
1983-04-27 16:00:00,162.77,160.76
1983-04-28 16:00:00,162.96,161.44
1983-04-29 16:00:00,164.43,162.72
1983-05-02 16:00:00,164.42,161.99
1983-05-03 16:00:00,162.35,160.8
1983-05-04 16:00:00,163.64,162.38
1983-05-05 16:00:00,164.3,163.35
1983-05-06 16:00:00,166.99,164.3
1983-05-09 16:00:00,166.46,164.9
1983-05-10 16:00:00,166.4,165.74
1983-05-11 16:00:00,166.3,164.53
1983-05-12 16:00:00,165.35,163.82
1983-05-13 16:00:00,165.23,164.26
1983-05-16 16:00:00,164.9,162.33
1983-05-17 16:00:00,163.71,162.55
1983-05-18 16:00:00,165.18,163.16
1983-05-19 16:00:00,163.61,161.98
1983-05-20 16:00:00,162.14,161.25
1983-05-23 16:00:00,163.5,160.29
1983-05-24 16:00:00,165.59,163.45
1983-05-25 16:00:00,166.21,164.79
1983-05-26 16:00:00,166.39,165.27
1983-05-27 16:00:00,165.49,164.33
1983-05-30 16:00:00,164.46,164.46
1983-05-31 16:00:00,164.44,162.12
1983-06-01 16:00:00,162.64,161.33
1983-06-02 16:00:00,164,162.56
1983-06-03 16:00:00,164.79,163.96
1983-06-06 16:00:00,165.09,163.75
1983-06-07 16:00:00,164.93,162.77
1983-06-08 16:00:00,162.78,161.35
1983-06-09 16:00:00,161.92,160.8
1983-06-10 16:00:00,162.76,161.86
1983-06-13 16:00:00,164.84,162.7
1983-06-14 16:00:00,165.93,164.87
1983-06-15 16:00:00,167.12,165.07
1983-06-16 16:00:00,169.38,167.11
1983-06-17 16:00:00,169.64,168.6
1983-06-20 16:00:00,170.1,168.59
1983-06-21 16:00:00,170.6,168.25
1983-06-22 16:00:00,171.6,170.42
1983-06-23 16:00:00,171,170.13
1983-06-24 16:00:00,170.69,170.03
1983-06-27 16:00:00,170.46,168.32
1983-06-28 16:00:00,168.81,165.67
1983-06-29 16:00:00,166.64,165.43
1983-06-30 16:00:00,167.64,167.64
1983-07-01 16:00:00,168.64,167.77
1983-07-04 16:00:00,164.46,164.46
1983-07-05 16:00:00,168.8,165.8
1983-07-06 16:00:00,168.88,166.49
1983-07-07 16:00:00,169.15,167.08
1983-07-08 16:00:00,167.98,166.95
1983-07-11 16:00:00,168.11,167.09
1983-07-12 16:00:00,168.05,165.51
1983-07-13 16:00:00,165.68,164.77
1983-07-14 16:00:00,166.96,165.61
1983-07-15 16:00:00,166.04,164.03
1983-07-18 16:00:00,164.29,163.3
1983-07-19 16:00:00,165.18,163.95
1983-07-20 16:00:00,169.29,164.89
1983-07-21 16:00:00,169.8,168.33
1983-07-22 16:00:00,169.08,168.4
1983-07-25 16:00:00,169.74,167.63
1983-07-26 16:00:00,170.63,169.26
1983-07-27 16:00:00,170.72,167.49
1983-07-28 16:00:00,167.79,164.99
1983-07-29 16:00:00,165.03,161.5
1983-08-01 16:00:00,162.78,161.55
1983-08-02 16:00:00,163.04,161.97
1983-08-03 16:00:00,163.44,161.52
1983-08-04 16:00:00,163.42,159.63
1983-08-05 16:00:00,161.88,160.89
1983-08-08 16:00:00,161.73,159.18
1983-08-09 16:00:00,160.14,158.5
1983-08-10 16:00:00,161.77,159.47
1983-08-11 16:00:00,162.14,161.41
1983-08-12 16:00:00,162.6,161.55
1983-08-15 16:00:00,164.76,162.22
1983-08-16 16:00:00,163.84,162.72
1983-08-17 16:00:00,165.4,163.43
1983-08-18 16:00:00,165.91,163.55
1983-08-19 16:00:00,164.27,163.22
1983-08-22 16:00:00,165.64,163.77
1983-08-23 16:00:00,164.33,162.54
1983-08-24 16:00:00,162.77,161.2
1983-08-25 16:00:00,161.28,159.96
1983-08-26 16:00:00,162.16,160.25
1983-08-29 16:00:00,162.32,160.97
1983-08-30 16:00:00,163.13,162.11
1983-08-31 16:00:00,164.4,162.32
1983-09-01 16:00:00,164.66,163.95
1983-09-02 16:00:00,165.07,164.21
1983-09-06 16:00:00,167.9,165.03
1983-09-07 16:00:00,168.48,167.46
1983-09-08 16:00:00,168.14,167.12
1983-09-09 16:00:00,167.77,166.91
1983-09-12 16:00:00,169.2,165.27
1983-09-13 16:00:00,165.48,164.17
1983-09-14 16:00:00,165.42,164.63
1983-09-15 16:00:00,165.58,164.38
1983-09-16 16:00:00,166.57,164.39
1983-09-19 16:00:00,168.09,166.26
1983-09-20 16:00:00,169.38,167.64
1983-09-21 16:00:00,169.3,168.21
1983-09-22 16:00:00,169.78,168.22
1983-09-23 16:00:00,170.17,168.88
1983-09-26 16:00:00,170.41,169.16
1983-09-27 16:00:00,170.02,167.95
1983-09-28 16:00:00,168.53,167.52
1983-09-29 16:00:00,168.35,167.23
1983-09-30 16:00:00,167.23,165.63
1983-10-03 16:00:00,166.07,164.93
1983-10-04 16:00:00,166.8,165.81
1983-10-05 16:00:00,167.74,165.92
1983-10-06 16:00:00,170.28,167.76
1983-10-07 16:00:00,171.1,170.31
1983-10-10 16:00:00,172.65,170.05
1983-10-11 16:00:00,172.59,170.34
1983-10-12 16:00:00,170.84,169.34
1983-10-13 16:00:00,170.12,169.13
1983-10-14 16:00:00,169.99,169.18
1983-10-17 16:00:00,171.18,169.63
1983-10-18 16:00:00,170.41,167.67
1983-10-19 16:00:00,167.81,165.67
1983-10-20 16:00:00,167.35,166.44
1983-10-21 16:00:00,167.23,164.98
1983-10-24 16:00:00,165.99,163.85
1983-10-25 16:00:00,167.15,166
1983-10-26 16:00:00,166.65,165.36
1983-10-27 16:00:00,165.38,164.41
1983-10-28 16:00:00,165.19,163.23
1983-10-31 16:00:00,164.58,162.86
1983-11-01 16:00:00,163.66,162.37
1983-11-02 16:00:00,165.21,163.55
1983-11-03 16:00:00,164.85,163.42
1983-11-04 16:00:00,163.45,162.22
1983-11-07 16:00:00,162.56,161.84
1983-11-08 16:00:00,162.15,161.63
1983-11-09 16:00:00,163.97,161.74
1983-11-10 16:00:00,164.71,163.97
1983-11-11 16:00:00,166.3,164.34
1983-11-14 16:00:00,167.58,166.27
1983-11-15 16:00:00,166.59,165.28
1983-11-16 16:00:00,166.41,165.34
1983-11-17 16:00:00,166.49,165.51
1983-11-18 16:00:00,166.13,164.5
1983-11-21 16:00:00,166.05,165
1983-11-22 16:00:00,167.26,166.05
1983-11-23 16:00:00,167.21,166.26
1983-11-25 16:00:00,167.2,166.73
1983-11-28 16:00:00,167.22,166.21
1983-11-29 16:00:00,167.92,166.17
1983-11-30 16:00:00,168.07,166.33
1983-12-01 16:00:00,166.77,166.08
1983-12-02 16:00:00,166.7,165.25
1983-12-05 16:00:00,165.79,164.71
1983-12-06 16:00:00,165.93,165.34
1983-12-07 16:00:00,166.34,165.35
1983-12-08 16:00:00,166.01,164.86
1983-12-09 16:00:00,165.29,164.5
1983-12-12 16:00:00,165.62,164.99
1983-12-13 16:00:00,165.63,164.85
1983-12-14 16:00:00,164.93,163.25
1983-12-15 16:00:00,163.33,161.66
1983-12-16 16:00:00,162.39,161.58
1983-12-19 16:00:00,162.88,162.27
1983-12-20 16:00:00,162.8,161.64
1983-12-21 16:00:00,163.57,161.99
1983-12-22 16:00:00,164.18,163.17
1983-12-23 16:00:00,163.31,162.9
1983-12-27 16:00:00,164.76,163.22
1983-12-28 16:00:00,165.34,164.3
1983-12-29 16:00:00,165.84,164.83
1983-12-30 16:00:00,165.05,164.58
1984-01-03 16:00:00,164.93,163.98
1984-01-04 16:00:00,166.78,164.04
1984-01-05 16:00:00,169.1,166.78
1984-01-06 16:00:00,169.31,168.49
1984-01-09 16:00:00,169.46,168.48
1984-01-10 16:00:00,169.54,167.87
1984-01-11 16:00:00,168.07,167.27
1984-01-12 16:00:00,168.4,167.68
1984-01-13 16:00:00,168.59,166.64
1984-01-16 16:00:00,167.55,166.77
1984-01-17 16:00:00,167.84,167.01
1984-01-18 16:00:00,168.34,167.02
1984-01-19 16:00:00,167.65,166.67
1984-01-20 16:00:00,167.06,165.87
1984-01-23 16:00:00,166.21,164.83
1984-01-24 16:00:00,166.35,164.84
1984-01-25 16:00:00,167.12,164.74
1984-01-26 16:00:00,165.55,164.12
1984-01-27 16:00:00,164.33,163.07
1984-01-30 16:00:00,164.67,162.4
1984-01-31 16:00:00,163.6,162.03
1984-02-01 16:00:00,164,162.27
1984-02-02 16:00:00,163.36,162.24
1984-02-03 16:00:00,163.98,160.82
1984-02-06 16:00:00,160.91,158.02
1984-02-07 16:00:00,158.81,157.01
1984-02-08 16:00:00,159.07,155.67
1984-02-09 16:00:00,156.17,154.3
1984-02-10 16:00:00,156.52,155.42
1984-02-13 16:00:00,156.32,154.13
1984-02-14 16:00:00,156.61,154.95
1984-02-15 16:00:00,157.48,156.1
1984-02-16 16:00:00,156.44,155.44
1984-02-17 16:00:00,156.8,155.51
1984-02-20 16:00:00,154.64,154.64
1984-02-21 16:00:00,155.74,154.47
1984-02-22 16:00:00,155.1,153.94
1984-02-23 16:00:00,154.45,152.13
1984-02-24 16:00:00,157.51,154.29
1984-02-27 16:00:00,159.58,157.08
1984-02-28 16:00:00,159.3,156.59
1984-02-29 16:00:00,158.27,156.41
1984-03-01 16:00:00,158.19,156.77
1984-03-02 16:00:00,159.9,158.19
1984-03-05 16:00:00,159.24,157.59
1984-03-06 16:00:00,158.37,156.21
1984-03-07 16:00:00,156.25,153.81
1984-03-08 16:00:00,155.8,154.35
1984-03-09 16:00:00,155.19,153.77
1984-03-12 16:00:00,156.35,154.35
1984-03-13 16:00:00,157.93,156.34
1984-03-14 16:00:00,157.17,156.22
1984-03-15 16:00:00,158.05,156.73
1984-03-16 16:00:00,160.45,157.41
1984-03-19 16:00:00,159.27,157.28
1984-03-20 16:00:00,159.17,157.78
1984-03-21 16:00:00,159.26,158.59
1984-03-22 16:00:00,158.67,156.61
1984-03-23 16:00:00,156.92,156.02
1984-03-26 16:00:00,157.18,156.31
1984-03-27 16:00:00,157.3,156.61
1984-03-28 16:00:00,159.9,157.3
1984-03-29 16:00:00,160.46,159.52
1984-03-30 16:00:00,159.52,158.92
1984-04-02 16:00:00,159.87,157.63
1984-04-03 16:00:00,158.27,157.17
1984-04-04 16:00:00,158.11,157.29
1984-04-05 16:00:00,158.1,154.96
1984-04-06 16:00:00,155.48,154.12
1984-04-09 16:00:00,155.86,154.71
1984-04-10 16:00:00,156.57,155.45
1984-04-11 16:00:00,156.31,154.9
1984-04-12 16:00:00,157.74,154.17
1984-04-13 16:00:00,158.87,157.13
1984-04-16 16:00:00,158.35,156.49
1984-04-17 16:00:00,159.59,158.32
1984-04-18 16:00:00,158.97,157.64
1984-04-19 16:00:00,158.02,157.1
1984-04-23 16:00:00,158.05,156.79
1984-04-24 16:00:00,158.38,156.61
1984-04-25 16:00:00,158.77,157.8
1984-04-26 16:00:00,160.5,158.65
1984-04-27 16:00:00,160.69,159.77
1984-04-30 16:00:00,160.43,159.3
1984-05-01 16:00:00,161.69,160.05
1984-05-02 16:00:00,162.11,161.41
1984-05-03 16:00:00,161.9,160.95
1984-05-04 16:00:00,161.2,158.93
1984-05-07 16:00:00,159.48,158.63
1984-05-08 16:00:00,160.52,159.14
1984-05-09 16:00:00,161.31,159.39
1984-05-10 16:00:00,160.45,159.61
1984-05-11 16:00:00,160,157.42
1984-05-14 16:00:00,158.49,157.2
1984-05-15 16:00:00,158.27,157.29
1984-05-16 16:00:00,158.41,157.83
1984-05-17 16:00:00,157.99,156.15
1984-05-18 16:00:00,156.77,155.24
1984-05-21 16:00:00,156.11,154.63
1984-05-22 16:00:00,154.73,152.99
1984-05-23 16:00:00,154.02,153.1
1984-05-24 16:00:00,153.15,150.8
1984-05-25 16:00:00,152.02,150.85
1984-05-29 16:00:00,151.86,149.95
1984-05-30 16:00:00,151.43,148.68
1984-05-31 16:00:00,150.69,149.76
1984-06-01 16:00:00,153.24,150.55
1984-06-04 16:00:00,155.1,153.24
1984-06-05 16:00:00,154.34,153.28
1984-06-06 16:00:00,155.03,153.38
1984-06-07 16:00:00,155.11,154.36
1984-06-08 16:00:00,155.4,154.57
1984-06-11 16:00:00,155.17,153
1984-06-12 16:00:00,153.07,151.61
1984-06-13 16:00:00,152.85,151.86
1984-06-14 16:00:00,152.14,150.31
1984-06-15 16:00:00,150.71,149.02
1984-06-18 16:00:00,151.92,148.53
1984-06-19 16:00:00,153,151.73
1984-06-20 16:00:00,154.84,150.96
1984-06-21 16:00:00,155.64,154.05
1984-06-22 16:00:00,154.92,153.89
1984-06-25 16:00:00,154.67,153.86
1984-06-26 16:00:00,153.97,152.47
1984-06-27 16:00:00,152.88,151.3
1984-06-28 16:00:00,153.07,151.62
1984-06-29 16:00:00,154.08,152.82
1984-07-02 16:00:00,153.22,152.44
1984-07-03 16:00:00,153.86,153.1
1984-07-05 16:00:00,153.87,152.71
1984-07-06 16:00:00,152.76,151.63
1984-07-09 16:00:00,153.53,151.44
1984-07-10 16:00:00,153.53,152.57
1984-07-11 16:00:00,152.89,150.55
1984-07-12 16:00:00,151.06,149.63
1984-07-13 16:00:00,151.16,150.03
1984-07-16 16:00:00,151.6,150.01
1984-07-17 16:00:00,152.6,151.26
1984-07-18 16:00:00,152.38,151.11
1984-07-19 16:00:00,151.4,150.27
1984-07-20 16:00:00,150.58,149.07
1984-07-23 16:00:00,149.55,147.85
1984-07-24 16:00:00,149.28,147.78
1984-07-25 16:00:00,149.3,147.26
1984-07-26 16:00:00,150.16,148.83
1984-07-27 16:00:00,151.38,149.99
1984-07-30 16:00:00,151.19,150.14
1984-07-31 16:00:00,150.77,149.65
1984-08-01 16:00:00,154.08,150.66
1984-08-02 16:00:00,157.99,154.08
1984-08-03 16:00:00,162.56,158
1984-08-06 16:00:00,165.27,162.09
1984-08-07 16:00:00,163.58,160.81
1984-08-08 16:00:00,163.87,161.75
1984-08-09 16:00:00,165.88,161.47
1984-08-10 16:00:00,168.59,165.24
1984-08-13 16:00:00,165.49,163.98
1984-08-14 16:00:00,166.09,164.28
1984-08-15 16:00:00,164.42,162.75
1984-08-16 16:00:00,164.42,162.75
1984-08-17 16:00:00,164.61,163.78
1984-08-20 16:00:00,164.94,163.76
1984-08-21 16:00:00,168.22,164.93
1984-08-22 16:00:00,168.8,166.92
1984-08-23 16:00:00,167.78,166.61
1984-08-24 16:00:00,167.52,167.12
1984-08-27 16:00:00,167.51,165.81
1984-08-28 16:00:00,167.43,166.21
1984-08-29 16:00:00,168.21,167.03
1984-08-30 16:00:00,167.19,166.55
1984-08-31 16:00:00,166.68,165.78
1984-09-04 16:00:00,166.68,164.73
1984-09-05 16:00:00,164.88,163.84
1984-09-06 16:00:00,165.95,164.29
1984-09-07 16:00:00,166.31,164.22
1984-09-10 16:00:00,165.05,163.06
1984-09-11 16:00:00,166.17,164.28
1984-09-12 16:00:00,164.81,164.14
1984-09-13 16:00:00,167.94,164.68
1984-09-14 16:00:00,169.65,167.94
1984-09-17 16:00:00,169.37,167.99
1984-09-18 16:00:00,168.87,167.64
1984-09-19 16:00:00,168.76,166.89
1984-09-20 16:00:00,167.47,166.7
1984-09-21 16:00:00,168.67,165.66
1984-09-24 16:00:00,166.12,164.98
1984-09-25 16:00:00,165.97,164.45
1984-09-26 16:00:00,167.2,165.61
1984-09-27 16:00:00,167.18,166.33
1984-09-28 16:00:00,166.96,165.77
1984-10-01 16:00:00,166.1,164.48
1984-10-02 16:00:00,165.24,163.55
1984-10-03 16:00:00,163.59,162.2
1984-10-04 16:00:00,163.22,162.44
1984-10-05 16:00:00,163.32,162.51
1984-10-08 16:00:00,162.68,161.8
1984-10-09 16:00:00,162.84,161.62
1984-10-10 16:00:00,162.12,160.02
1984-10-11 16:00:00,162.87,162
1984-10-12 16:00:00,164.47,162.78
1984-10-15 16:00:00,166.15,164.09
1984-10-16 16:00:00,165.78,164.66
1984-10-17 16:00:00,165.04,163.71
1984-10-18 16:00:00,168.1,163.8
1984-10-19 16:00:00,169.62,167.31
1984-10-22 16:00:00,168.36,167.26
1984-10-23 16:00:00,168.27,166.83
1984-10-24 16:00:00,167.54,166.82
1984-10-25 16:00:00,167.62,166.17
1984-10-26 16:00:00,166.31,164.93
1984-10-29 16:00:00,165.29,164.67
1984-10-30 16:00:00,167.33,164.78
1984-10-31 16:00:00,166.95,165.99
1984-11-01 16:00:00,167.83,166.09
1984-11-02 16:00:00,167.95,167.24
1984-11-05 16:00:00,168.65,167.33
1984-11-06 16:00:00,170.41,168.58
1984-11-07 16:00:00,170.41,168.44
1984-11-08 16:00:00,169.27,168.27
1984-11-09 16:00:00,169.46,167.44
1984-11-12 16:00:00,167.65,166.67
1984-11-13 16:00:00,167.38,165.79
1984-11-14 16:00:00,166.43,165.39
1984-11-15 16:00:00,166.49,165.61
1984-11-16 16:00:00,166.24,164.09
1984-11-19 16:00:00,164.34,163.03
1984-11-20 16:00:00,164.47,163.1
1984-11-21 16:00:00,164.68,163.29
1984-11-23 16:00:00,166.92,164.52
1984-11-26 16:00:00,166.92,165.37
1984-11-27 16:00:00,166.85,165.07
1984-11-28 16:00:00,166.9,164.97
1984-11-29 16:00:00,165.02,163.78
1984-11-30 16:00:00,163.91,162.99
1984-12-03 16:00:00,163.58,162.29
1984-12-04 16:00:00,163.91,162.82
1984-12-05 16:00:00,163.4,161.93
1984-12-06 16:00:00,163.11,161.76
1984-12-07 16:00:00,163.31,162.26
1984-12-10 16:00:00,163.32,161.54
1984-12-11 16:00:00,163.18,162.56
1984-12-12 16:00:00,163.18,162.55
1984-12-13 16:00:00,162.92,161.54
1984-12-14 16:00:00,163.53,161.63
1984-12-17 16:00:00,163.63,162.44
1984-12-18 16:00:00,168.11,163.61
1984-12-19 16:00:00,169.03,166.84
1984-12-20 16:00:00,167.58,166.29
1984-12-21 16:00:00,166.38,164.62
1984-12-24 16:00:00,166.93,165.5
1984-12-26 16:00:00,166.76,166.29
1984-12-27 16:00:00,166.5,165.62
1984-12-28 16:00:00,166.32,165.67
1984-12-31 16:00:00,167.34,166.06
1985-01-02 16:00:00,167.2,165.19
1985-01-03 16:00:00,166.11,164.38
1985-01-04 16:00:00,164.55,163.36
1985-01-07 16:00:00,164.71,163.68
1985-01-08 16:00:00,164.59,163.91
1985-01-09 16:00:00,165.57,163.99
1985-01-10 16:00:00,168.31,164.99
1985-01-11 16:00:00,168.72,167.58
1985-01-14 16:00:00,170.55,167.58
1985-01-15 16:00:00,171.82,170.4
1985-01-16 16:00:00,171.94,170.41
1985-01-17 16:00:00,171.34,170.22
1985-01-18 16:00:00,171.42,170.66
1985-01-21 16:00:00,175.45,171.31
1985-01-22 16:00:00,176.63,175.14
1985-01-23 16:00:00,177.3,175.15
1985-01-24 16:00:00,178.16,176.56
1985-01-25 16:00:00,177.75,176.54
1985-01-28 16:00:00,178.19,176.56
1985-01-29 16:00:00,179.19,176.58
1985-01-30 16:00:00,180.27,179.05
1985-01-31 16:00:00,179.83,178.56
1985-02-01 16:00:00,179.63,178.44
1985-02-04 16:00:00,180.35,177.75
1985-02-05 16:00:00,181.53,180.07
1985-02-06 16:00:00,181.5,180.32
1985-02-07 16:00:00,181.96,180.43
1985-02-08 16:00:00,182.39,181.67
1985-02-11 16:00:00,182.19,180.11
1985-02-12 16:00:00,180.75,179.45
1985-02-13 16:00:00,183.86,180.5
1985-02-14 16:00:00,183.95,182.39
1985-02-15 16:00:00,182.65,181.23
1985-02-19 16:00:00,181.61,180.95
1985-02-20 16:00:00,182.1,180.64
1985-02-21 16:00:00,181.18,180.02
1985-02-22 16:00:00,180.41,179.23
1985-02-25 16:00:00,179.36,178.13
1985-02-26 16:00:00,181.58,179.16
1985-02-27 16:00:00,181.87,180.5
1985-02-28 16:00:00,181.21,180.33
1985-03-01 16:00:00,183.89,181.16
1985-03-04 16:00:00,183.41,181.4
1985-03-05 16:00:00,182.65,181.42
1985-03-06 16:00:00,182.25,180.59
1985-03-07 16:00:00,180.65,179.44
1985-03-08 16:00:00,179.97,179.07
1985-03-11 16:00:00,179.46,178.15
1985-03-12 16:00:00,180.14,178.7
1985-03-13 16:00:00,179.96,178.02
1985-03-14 16:00:00,178.53,177.61
1985-03-15 16:00:00,178.41,176.53
1985-03-18 16:00:00,177.66,176.53
1985-03-19 16:00:00,179.56,176.87
1985-03-20 16:00:00,179.78,178.79
1985-03-21 16:00:00,180.22,178.89
1985-03-22 16:00:00,179.92,178.86
1985-03-25 16:00:00,179.04,177.85
1985-03-26 16:00:00,178.86,177.88
1985-03-27 16:00:00,179.8,178.43
1985-03-28 16:00:00,180.6,179.43
1985-03-29 16:00:00,180.66,179.54
1985-04-01 16:00:00,181.27,180.43
1985-04-02 16:00:00,181.86,180.28
1985-04-03 16:00:00,180.53,178.64
1985-04-04 16:00:00,179.13,178.29
1985-04-08 16:00:00,179.46,177.86
1985-04-09 16:00:00,178.67,177.97
1985-04-10 16:00:00,179.9,178.21
1985-04-11 16:00:00,180.91,179.42
1985-04-12 16:00:00,180.55,180.06
1985-04-15 16:00:00,181.15,180.45
1985-04-16 16:00:00,181.78,180.19
1985-04-17 16:00:00,181.91,181.14
1985-04-18 16:00:00,182.56,180.75
1985-04-19 16:00:00,181.25,180.42
1985-04-22 16:00:00,181.23,180.25
1985-04-23 16:00:00,181.97,180.34
1985-04-24 16:00:00,182.27,181.74
1985-04-25 16:00:00,183.43,182.12
1985-04-26 16:00:00,183.61,182.11
1985-04-29 16:00:00,182.34,180.62
1985-04-30 16:00:00,180.63,178.86
1985-05-01 16:00:00,180.04,178.35
1985-05-02 16:00:00,179.01,178.37
1985-05-03 16:00:00,180.3,179.01
1985-05-06 16:00:00,180.56,179.82
1985-05-07 16:00:00,181.09,179.87
1985-05-08 16:00:00,180.76,179.96
1985-05-09 16:00:00,181.97,180.62
1985-05-10 16:00:00,184.74,181.92
1985-05-13 16:00:00,184.61,184.19
1985-05-14 16:00:00,185.17,183.65
1985-05-15 16:00:00,185.43,183.86
1985-05-16 16:00:00,185.74,184.54
1985-05-17 16:00:00,187.94,185.47
1985-05-20 16:00:00,189.98,187.42
1985-05-21 16:00:00,189.81,188.78
1985-05-22 16:00:00,189.64,187.71
1985-05-23 16:00:00,188.56,187.45
1985-05-24 16:00:00,188.29,187.29
1985-05-28 16:00:00,188.94,187.38
1985-05-29 16:00:00,187.86,187.11
1985-05-30 16:00:00,188.04,187.09
1985-05-31 16:00:00,189.59,187.45
1985-06-03 16:00:00,190.36,188.93
1985-06-04 16:00:00,190.27,188.88
1985-06-05 16:00:00,191.02,190.04
1985-06-06 16:00:00,191.06,189.13
1985-06-07 16:00:00,191.29,189.55
1985-06-10 16:00:00,189.68,188.82
1985-06-11 16:00:00,189.61,188.78
1985-06-12 16:00:00,189.04,187.59
1985-06-13 16:00:00,187.61,185.03
1985-06-14 16:00:00,187.1,185.33
1985-06-17 16:00:00,187.1,185.98
1985-06-18 16:00:00,187.65,186.51
1985-06-19 16:00:00,187.98,186.63
1985-06-20 16:00:00,186.74,185.97
1985-06-21 16:00:00,189.66,186.43
1985-06-24 16:00:00,189.61,187.84
1985-06-25 16:00:00,190.96,189.15
1985-06-26 16:00:00,190.26,189.44
1985-06-27 16:00:00,191.36,190.06
1985-06-28 16:00:00,191.85,191.04
1985-07-01 16:00:00,192.43,191.17
1985-07-02 16:00:00,192.63,191.84
1985-07-03 16:00:00,192.08,191.37
1985-07-05 16:00:00,192.67,191.45
1985-07-08 16:00:00,192.52,191.26
1985-07-09 16:00:00,191.93,190.81
1985-07-10 16:00:00,192.37,190.99
1985-07-11 16:00:00,192.95,192.28
1985-07-12 16:00:00,193.32,192.64
1985-07-15 16:00:00,193.84,192.55
1985-07-16 16:00:00,194.72,192.72
1985-07-17 16:00:00,196.07,194.72
1985-07-18 16:00:00,195.65,194.34
1985-07-19 16:00:00,195.13,194.28
1985-07-22 16:00:00,195.13,193.58
1985-07-23 16:00:00,194.98,192.28
1985-07-24 16:00:00,192.55,190.66
1985-07-25 16:00:00,192.23,191.17
1985-07-26 16:00:00,192.78,191.58
1985-07-29 16:00:00,192.42,189.53
1985-07-30 16:00:00,190.05,189.3
1985-07-31 16:00:00,191.33,189.93
1985-08-01 16:00:00,192.17,190.91
1985-08-02 16:00:00,192.11,191.27
1985-08-05 16:00:00,191.48,189.95
1985-08-06 16:00:00,190.72,187.87
1985-08-07 16:00:00,187.93,187.39
1985-08-08 16:00:00,188.96,187.68
1985-08-09 16:00:00,189.05,188.11
1985-08-12 16:00:00,188.32,187.43
1985-08-13 16:00:00,188.15,186.51
1985-08-14 16:00:00,187.87,187.3
1985-08-15 16:00:00,187.74,186.62
1985-08-16 16:00:00,187.26,186.1
1985-08-19 16:00:00,186.82,186.1
1985-08-20 16:00:00,188.27,186.38
1985-08-21 16:00:00,189.16,188.08
1985-08-22 16:00:00,189.23,187.2
1985-08-23 16:00:00,187.35,186.59
1985-08-26 16:00:00,187.44,186.46
1985-08-27 16:00:00,188.1,187.31
1985-08-28 16:00:00,188.83,187.9
1985-08-29 16:00:00,188.94,188.38
1985-08-30 16:00:00,189.13,188
1985-09-03 16:00:00,188.63,187.38
1985-09-04 16:00:00,187.92,186.97
1985-09-05 16:00:00,187.52,186.89
1985-09-06 16:00:00,188.43,187.27
1985-09-09 16:00:00,188.8,187.9
1985-09-10 16:00:00,188.26,186.5
1985-09-11 16:00:00,186.9,184.79
1985-09-12 16:00:00,185.21,183.49
1985-09-13 16:00:00,184.19,182.05
1985-09-16 16:00:00,182.91,182.45
1985-09-17 16:00:00,182.88,180.78
1985-09-18 16:00:00,181.83,180.81
1985-09-19 16:00:00,183.4,181.71
1985-09-20 16:00:00,183.99,182.04
1985-09-23 16:00:00,184.65,182.05
1985-09-24 16:00:00,184.3,182.42
1985-09-25 16:00:00,182.62,180.62
1985-09-26 16:00:00,181.29,179.45
1985-09-30 16:00:00,182.08,181.22
1985-10-01 16:00:00,185.08,182.02
1985-10-02 16:00:00,185.94,184.06
1985-10-03 16:00:00,185.17,183.59
1985-10-04 16:00:00,184.36,182.65
1985-10-07 16:00:00,183.22,181.3
1985-10-08 16:00:00,182.3,181.16
1985-10-09 16:00:00,183.27,181.87
1985-10-10 16:00:00,182.79,182.05
1985-10-11 16:00:00,184.28,182.61
1985-10-14 16:00:00,186.37,184.28
1985-10-15 16:00:00,187.16,185.66
1985-10-16 16:00:00,187.98,186.08
1985-10-17 16:00:00,188.52,187.42
1985-10-18 16:00:00,188.11,186.89
1985-10-21 16:00:00,187.3,186.79
1985-10-22 16:00:00,188.56,186.96
1985-10-23 16:00:00,189.09,188.04
1985-10-24 16:00:00,189.45,188.41
1985-10-25 16:00:00,188.51,187.32
1985-10-28 16:00:00,187.76,186.93
1985-10-29 16:00:00,189.78,187.76
1985-10-30 16:00:00,190.09,189.14
1985-10-31 16:00:00,190.15,189.35
1985-11-01 16:00:00,191.53,189.37
1985-11-04 16:00:00,191.96,190.66
1985-11-05 16:00:00,192.43,190.99
1985-11-06 16:00:00,193.01,191.83
1985-11-07 16:00:00,192.96,192.16
1985-11-08 16:00:00,193.97,192.53
1985-11-11 16:00:00,197.29,193.7
1985-11-12 16:00:00,198.66,196.97
1985-11-13 16:00:00,198.11,196.91
1985-11-14 16:00:00,199.19,196.88
1985-11-15 16:00:00,199.58,197.9
1985-11-18 16:00:00,198.71,197.51
1985-11-19 16:00:00,199.52,198.01
1985-11-20 16:00:00,199.2,198.52
1985-11-21 16:00:00,201.43,198.99
1985-11-22 16:00:00,202.01,201.05
1985-11-25 16:00:00,201.52,200.08
1985-11-26 16:00:00,201.16,200.11
1985-11-27 16:00:00,202.65,200.67
1985-11-29 16:00:00,203.4,201.92
1985-12-02 16:00:00,202.19,200.2
1985-12-03 16:00:00,200.98,200.1
1985-12-04 16:00:00,204.23,200.86
1985-12-05 16:00:00,205.86,203.79
1985-12-06 16:00:00,203.88,202.45
1985-12-09 16:00:00,204.65,202.98
1985-12-10 16:00:00,205.16,203.68
1985-12-11 16:00:00,206.68,204.17
1985-12-12 16:00:00,207.65,205.83
1985-12-13 16:00:00,210.31,206.73
1985-12-16 16:00:00,213.08,209.91
1985-12-17 16:00:00,212.45,210.58
1985-12-18 16:00:00,211.23,209.24
1985-12-19 16:00:00,210.13,209.25
1985-12-20 16:00:00,211.77,210.02
1985-12-23 16:00:00,210.94,208.44
1985-12-24 16:00:00,208.57,206.44
1985-12-26 16:00:00,207.76,207.05
1985-12-27 16:00:00,209.62,207.65
1985-12-30 16:00:00,210.7,209.17
1985-12-31 16:00:00,211.61,210.68
1986-01-02 16:00:00,211.28,208.93
1986-01-03 16:00:00,210.88,209.51
1986-01-06 16:00:00,210.98,209.93
1986-01-07 16:00:00,213.8,210.65
1986-01-08 16:00:00,214.57,207.49
1986-01-09 16:00:00,207.97,204.51
1986-01-10 16:00:00,207.33,205.52
1986-01-13 16:00:00,206.83,205.52
1986-01-14 16:00:00,207.37,206.06
1986-01-15 16:00:00,208.27,206.64
1986-01-16 16:00:00,209.18,207.61
1986-01-17 16:00:00,209.4,207.59
1986-01-20 16:00:00,208.43,206.62
1986-01-21 16:00:00,207.78,205.05
1986-01-22 16:00:00,206.03,203.41
1986-01-23 16:00:00,204.43,202.6
1986-01-24 16:00:00,206.43,204.25
1986-01-27 16:00:00,207.69,206.43
1986-01-28 16:00:00,209.82,207.4
1986-01-29 16:00:00,212.36,209.81
1986-01-30 16:00:00,211.54,209.15
1986-01-31 16:00:00,212.42,209.19
1986-02-03 16:00:00,214.18,211.6
1986-02-04 16:00:00,214.57,210.82
1986-02-05 16:00:00,213.03,211.21
1986-02-06 16:00:00,214.51,212.6
1986-02-07 16:00:00,215.27,211.13
1986-02-10 16:00:00,216.24,214.47
1986-02-11 16:00:00,216.67,215.54
1986-02-12 16:00:00,216.28,215.13
1986-02-13 16:00:00,217.41,215.38
1986-02-14 16:00:00,219.76,217.22
1986-02-18 16:00:00,222.45,219.26
1986-02-19 16:00:00,222.96,219.73
1986-02-20 16:00:00,222.22,219.22
1986-02-21 16:00:00,224.62,222.22
1986-02-24 16:00:00,225.29,223.31
1986-02-25 16:00:00,224.4,222.63
1986-02-26 16:00:00,224.59,223.15
1986-02-27 16:00:00,226.88,223.41
1986-02-28 16:00:00,227.92,225.42
1986-03-03 16:00:00,226.92,224.41
1986-03-04 16:00:00,227.33,223.94
1986-03-05 16:00:00,224.37,222.18
1986-03-06 16:00:00,225.5,224.13
1986-03-07 16:00:00,226.33,224.44
1986-03-10 16:00:00,226.98,225.36
1986-03-11 16:00:00,231.81,226.58
1986-03-12 16:00:00,234.7,231.68
1986-03-13 16:00:00,233.89,231.27
1986-03-14 16:00:00,236.55,232.58
1986-03-17 16:00:00,236.55,233.69
1986-03-18 16:00:00,236.52,234.14
1986-03-19 16:00:00,236.52,235.13
1986-03-20 16:00:00,237.09,235.6
1986-03-21 16:00:00,237.35,233.29
1986-03-24 16:00:00,235.33,232.92
1986-03-25 16:00:00,235.33,233.62
1986-03-26 16:00:00,237.79,234.71
1986-03-27 16:00:00,240.11,237.3
1986-03-28 16:00:00,238.9,238.9
1986-03-31 16:00:00,239.86,238.08
1986-04-01 16:00:00,239.1,234.57
1986-04-02 16:00:00,235.71,233.4
1986-04-03 16:00:00,236.42,232.07
1986-04-04 16:00:00,232.56,228.32
1986-04-07 16:00:00,228.83,226.3
1986-04-08 16:00:00,233.7,228.63
1986-04-09 16:00:00,235.57,232.13
1986-04-10 16:00:00,236.54,233.75
1986-04-11 16:00:00,237.85,235.13
1986-04-14 16:00:00,237.48,235.43
1986-04-15 16:00:00,238.09,236.64
1986-04-16 16:00:00,242.57,237.73
1986-04-17 16:00:00,243.36,241.89
1986-04-18 16:00:00,243.47,241.74
1986-04-21 16:00:00,244.78,241.88
1986-04-22 16:00:00,245.47,241.3
1986-04-23 16:00:00,242.42,240.08
1986-04-24 16:00:00,243.13,241.65
1986-04-25 16:00:00,242.8,240.91
1986-04-28 16:00:00,243.08,241.23
1986-04-29 16:00:00,243.57,239.23
1986-04-30 16:00:00,240.52,235.26
1986-05-01 16:00:00,236.01,234.21
1986-05-02 16:00:00,236.52,234.15
1986-05-05 16:00:00,237.73,234.79
1986-05-06 16:00:00,238.28,236.26
1986-05-07 16:00:00,237.24,233.98
1986-05-08 16:00:00,237.96,236.08
1986-05-09 16:00:00,238.01,235.85
1986-05-12 16:00:00,238.53,237.02
1986-05-13 16:00:00,237.87,236.02
1986-05-14 16:00:00,237.54,235.85
1986-05-15 16:00:00,237.54,233.93
1986-05-16 16:00:00,234.43,232.26
1986-05-19 16:00:00,233.54,232.41
1986-05-20 16:00:00,236.12,232.58
1986-05-21 16:00:00,236.83,235.45
1986-05-22 16:00:00,240.25,235.45
1986-05-23 16:00:00,242.16,240.12
1986-05-26 16:00:00,244.75,244.75
1986-05-27 16:00:00,244.76,241.35
1986-05-28 16:00:00,247.4,244.75
1986-05-29 16:00:00,248.32,245.29
1986-05-30 16:00:00,249.19,246.43
1986-06-02 16:00:00,247.74,243.83
1986-06-03 16:00:00,245.51,243.67
1986-06-04 16:00:00,246.3,242.59
1986-06-05 16:00:00,245.66,243.41
1986-06-06 16:00:00,246.07,244.43
1986-06-09 16:00:00,245.67,239.68
1986-06-10 16:00:00,240.08,238.23
1986-06-11 16:00:00,241.13,239.21
1986-06-12 16:00:00,241.64,240.7
1986-06-13 16:00:00,245.91,241.71
1986-06-16 16:00:00,246.5,245.17
1986-06-17 16:00:00,246.26,243.6
1986-06-18 16:00:00,245.25,242.57
1986-06-19 16:00:00,245.8,244.05
1986-06-20 16:00:00,247.6,243.98
1986-06-23 16:00:00,247.58,244.45
1986-06-24 16:00:00,248.26,244.53
1986-06-25 16:00:00,250.13,247.03
1986-06-26 16:00:00,249.43,247.72
1986-06-27 16:00:00,249.74,248.74
1986-06-30 16:00:00,251.81,249.6
1986-07-01 16:00:00,252.04,250.53
1986-07-02 16:00:00,253.2,251.79
1986-07-03 16:00:00,252.94,251.23
1986-07-07 16:00:00,251.81,243.63
1986-07-08 16:00:00,244.06,239.07
1986-07-09 16:00:00,243.07,241.46
1986-07-10 16:00:00,243.44,239.66
1986-07-11 16:00:00,243.48,241.68
1986-07-14 16:00:00,242.22,238.04
1986-07-15 16:00:00,238.12,233.6
1986-07-16 16:00:00,236.19,233.66
1986-07-17 16:00:00,236.65,235.01
1986-07-18 16:00:00,238.22,233.94
1986-07-21 16:00:00,236.45,235.53
1986-07-22 16:00:00,238.42,235.92
1986-07-23 16:00:00,239.25,238.17
1986-07-24 16:00:00,239.05,237.32
1986-07-25 16:00:00,240.36,237.95
1986-07-28 16:00:00,240.25,235.23
1986-07-29 16:00:00,236.01,234.4
1986-07-30 16:00:00,237.38,233.07
1986-07-31 16:00:00,236.92,235.89
1986-08-01 16:00:00,236.89,234.59
1986-08-04 16:00:00,236.86,231.92
1986-08-05 16:00:00,238.31,235.97
1986-08-06 16:00:00,237.35,235.48
1986-08-07 16:00:00,238.02,236.31
1986-08-08 16:00:00,238.06,236.37
1986-08-11 16:00:00,241.2,236.87
1986-08-12 16:00:00,243.37,240.35
1986-08-13 16:00:00,246.51,243.06
1986-08-14 16:00:00,246.79,245.53
1986-08-15 16:00:00,247.15,245.7
1986-08-18 16:00:00,247.83,245.48
1986-08-19 16:00:00,247.42,245.82
1986-08-20 16:00:00,249.77,246.51
1986-08-21 16:00:00,250.45,249.11
1986-08-22 16:00:00,250.61,249.27
1986-08-25 16:00:00,250.26,247.76
1986-08-26 16:00:00,252.91,247.81
1986-08-27 16:00:00,254.24,252.66
1986-08-28 16:00:00,253.67,251.91
1986-08-29 16:00:00,254.07,251.73
1986-09-02 16:00:00,253.3,248.14
1986-09-03 16:00:00,250.08,247.59
1986-09-04 16:00:00,254.01,250.03
1986-09-05 16:00:00,254.13,250.33
1986-09-08 16:00:00,250.47,247.02
1986-09-09 16:00:00,250.21,246.94
1986-09-10 16:00:00,247.76,246.11
1986-09-11 16:00:00,247.06,234.67
1986-09-12 16:00:00,235.45,228.74
1986-09-15 16:00:00,232.82,229.44
1986-09-16 16:00:00,231.94,228.32
1986-09-17 16:00:00,233.81,231.38
1986-09-18 16:00:00,232.87,230.57
1986-09-19 16:00:00,232.31,230.69
1986-09-22 16:00:00,234.93,232.2
1986-09-23 16:00:00,235.88,234.5
1986-09-24 16:00:00,237.06,235.53
1986-09-25 16:00:00,236.28,230.67
1986-09-26 16:00:00,233.68,230.64
1986-09-29 16:00:00,232.23,228.08
1986-09-30 16:00:00,233.01,229.91
1986-10-01 16:00:00,234.62,231.32
1986-10-02 16:00:00,234.33,232.77
1986-10-03 16:00:00,236.16,232.79
1986-10-06 16:00:00,235.34,233.17
1986-10-07 16:00:00,235.18,233.46
1986-10-08 16:00:00,236.84,233.68
1986-10-09 16:00:00,238.2,235.72
1986-10-10 16:00:00,236.27,235.31
1986-10-13 16:00:00,235.91,235.02
1986-10-14 16:00:00,236.37,234.37
1986-10-15 16:00:00,239.03,235.27
1986-10-16 16:00:00,240.18,238.8
1986-10-17 16:00:00,239.53,237.71
1986-10-20 16:00:00,238.84,234.78
1986-10-21 16:00:00,236.49,234.95
1986-10-22 16:00:00,236.64,235.82
1986-10-23 16:00:00,239.76,236.26
1986-10-24 16:00:00,239.65,238.25
1986-10-27 16:00:00,238.77,236.72
1986-10-28 16:00:00,240.58,238.77
1986-10-29 16:00:00,241,238.98
1986-10-30 16:00:00,244.08,240.94
1986-10-31 16:00:00,244.51,242.95
1986-11-03 16:00:00,245.8,243.93
1986-11-04 16:00:00,246.43,244.42
1986-11-05 16:00:00,247.05,245.21
1986-11-06 16:00:00,246.9,244.3
1986-11-07 16:00:00,246.13,244.92
1986-11-10 16:00:00,246.22,244.68
1986-11-11 16:00:00,247.1,246.12
1986-11-12 16:00:00,247.67,245.68
1986-11-13 16:00:00,246.66,242.98
1986-11-14 16:00:00,244.51,241.96
1986-11-17 16:00:00,244.8,242.29
1986-11-18 16:00:00,243.23,236.65
1986-11-19 16:00:00,237.94,235.51
1986-11-20 16:00:00,242.05,237.66
1986-11-21 16:00:00,246.38,241.97
1986-11-24 16:00:00,248,245.21
1986-11-25 16:00:00,248.18,246.3
1986-11-26 16:00:00,248.9,247.73
1986-11-28 16:00:00,249.22,248.07
1986-12-01 16:00:00,249.22,245.72
1986-12-02 16:00:00,254,249.05
1986-12-03 16:00:00,254.87,253.24
1986-12-04 16:00:00,254.42,252.88
1986-12-05 16:00:00,253.89,250.71
1986-12-08 16:00:00,252.36,248.82
1986-12-09 16:00:00,251.27,249.25
1986-12-10 16:00:00,251.53,248.94
1986-12-11 16:00:00,250.98,247.15
1986-12-12 16:00:00,248.31,247.02
1986-12-15 16:00:00,248.23,244.92
1986-12-16 16:00:00,250.04,247.4
1986-12-17 16:00:00,250.04,247.19
1986-12-18 16:00:00,247.81,246.45
1986-12-19 16:00:00,249.96,245.89
1986-12-22 16:00:00,249.73,247.45
1986-12-23 16:00:00,248.75,245.85
1986-12-24 16:00:00,247.22,246.02
1986-12-26 16:00:00,247.09,246.73
1986-12-29 16:00:00,246.92,244.31
1986-12-30 16:00:00,244.67,243.04
1986-12-31 16:00:00,244.03,241.28
1987-01-02 16:00:00,246.45,242.17
1987-01-05 16:00:00,252.57,246.45
1987-01-06 16:00:00,253.99,252.14
1987-01-07 16:00:00,255.72,252.65
1987-01-08 16:00:00,257.28,254.97
1987-01-09 16:00:00,259.2,256.11
1987-01-12 16:00:00,261.36,257.92
1987-01-13 16:00:00,260.45,259.21
1987-01-14 16:00:00,262.72,259.62
1987-01-15 16:00:00,266.68,262.64
1987-01-16 16:00:00,267.24,264.31
1987-01-19 16:00:00,269.34,264
1987-01-20 16:00:00,271.03,267.65
1987-01-21 16:00:00,270.87,267.35
1987-01-22 16:00:00,274.05,267.32
1987-01-23 16:00:00,280.96,268.41
1987-01-26 16:00:00,270.4,267.73
1987-01-27 16:00:00,274.31,269.61
1987-01-28 16:00:00,275.71,273.03
1987-01-29 16:00:00,276.85,272.54
1987-01-30 16:00:00,274.24,271.38
1987-02-02 16:00:00,277.35,273.16
1987-02-03 16:00:00,277.83,275.84
1987-02-04 16:00:00,279.65,275.35
1987-02-05 16:00:00,282.26,278.66
1987-02-06 16:00:00,281.79,279.87
1987-02-09 16:00:00,280.04,277.24
1987-02-10 16:00:00,278.16,273.49
1987-02-11 16:00:00,277.71,274.71
1987-02-12 16:00:00,278.04,273.89
1987-02-13 16:00:00,280.91,275.01
1987-02-17 16:00:00,285.49,279.7
1987-02-18 16:00:00,287.55,282.97
1987-02-19 16:00:00,286.24,283.84
1987-02-20 16:00:00,285.98,284.31
1987-02-23 16:00:00,285.5,279.37
1987-02-24 16:00:00,283.33,281.45
1987-02-25 16:00:00,285.35,282.14
1987-02-26 16:00:00,284.4,280.73
1987-02-27 16:00:00,284.55,282.77
1987-03-02 16:00:00,284.83,282.3
1987-03-03 16:00:00,284.19,282.92
1987-03-04 16:00:00,288.62,284.12
1987-03-05 16:00:00,291.24,288.6
1987-03-06 16:00:00,290.67,288.77
1987-03-09 16:00:00,290.66,287.12
1987-03-10 16:00:00,290.87,287.89
1987-03-11 16:00:00,292.51,289.33
1987-03-12 16:00:00,291.91,289.66
1987-03-13 16:00:00,291.79,289.88
1987-03-16 16:00:00,289.89,286.64
1987-03-17 16:00:00,292.47,287.96
1987-03-18 16:00:00,294.58,290.87
1987-03-19 16:00:00,294.46,292.26
1987-03-20 16:00:00,298.17,294.08
1987-03-23 16:00:00,301.17,297.5
1987-03-24 16:00:00,301.92,300.14
1987-03-25 16:00:00,301.85,299.36
1987-03-26 16:00:00,302.72,300.38
1987-03-27 16:00:00,301.41,296.06
1987-03-30 16:00:00,296.13,286.69
1987-03-31 16:00:00,291.87,289.07
1987-04-01 16:00:00,292.38,288.34
1987-04-02 16:00:00,294.47,292.02
1987-04-03 16:00:00,301.3,292.3
1987-04-06 16:00:00,302.21,300.41
1987-04-07 16:00:00,303.65,296.67
1987-04-08 16:00:00,299.2,295.18
1987-04-09 16:00:00,297.71,291.5
1987-04-10 16:00:00,293.74,290.94
1987-04-13 16:00:00,293.36,285.62
1987-04-14 16:00:00,285.62,275.67
1987-04-15 16:00:00,285.14,279.16
1987-04-16 16:00:00,289.57,284.44
1987-04-20 16:00:00,288.36,284.55
1987-04-21 16:00:00,293.07,282.89
1987-04-22 16:00:00,293.46,286.98
1987-04-23 16:00:00,289.12,284.28
1987-04-24 16:00:00,286.82,281.18
1987-04-27 16:00:00,284.45,276.22
1987-04-28 16:00:00,285.95,281.83
1987-04-29 16:00:00,286.42,282.58
1987-04-30 16:00:00,290.08,284.57
1987-05-01 16:00:00,289.71,286.52
1987-05-04 16:00:00,289.99,286.39
1987-05-05 16:00:00,295.4,289.34
1987-05-06 16:00:00,296.19,293.6
1987-05-07 16:00:00,296.8,294.07
1987-05-08 16:00:00,296.18,291.73
1987-05-11 16:00:00,298.69,291.55
1987-05-12 16:00:00,293.3,290.18
1987-05-13 16:00:00,294.54,290.74
1987-05-14 16:00:00,295.1,292.95
1987-05-15 16:00:00,294.24,287.11
1987-05-18 16:00:00,287.43,282.57
1987-05-19 16:00:00,287.39,278.83
1987-05-20 16:00:00,280.89,277.01
1987-05-21 16:00:00,282.31,278.21
1987-05-22 16:00:00,283.33,280.17
1987-05-26 16:00:00,289.11,282.16
1987-05-27 16:00:00,290.78,288.19
1987-05-28 16:00:00,291.5,286.33
1987-05-29 16:00:00,292.87,289.7
1987-06-01 16:00:00,291.96,289.23
1987-06-02 16:00:00,290.94,286.93
1987-06-03 16:00:00,293.47,288.56
1987-06-04 16:00:00,295.09,292.76
1987-06-05 16:00:00,295.11,292.8
1987-06-08 16:00:00,297.03,291.55
1987-06-09 16:00:00,297.59,295.9
1987-06-10 16:00:00,300.81,295.66
1987-06-11 16:00:00,298.94,297.47
1987-06-12 16:00:00,302.26,298.73
1987-06-15 16:00:00,304.11,301.62
1987-06-16 16:00:00,304.86,302.6
1987-06-17 16:00:00,305.74,304.03
1987-06-18 16:00:00,306.13,303.38
1987-06-19 16:00:00,306.97,305.55
1987-06-22 16:00:00,310.2,306.97
1987-06-23 16:00:00,310.27,307.48
1987-06-24 16:00:00,308.91,306.32
1987-06-25 16:00:00,309.44,306.86
1987-06-26 16:00:00,308.96,306.36
1987-06-29 16:00:00,308.15,306.75
1987-06-30 16:00:00,308,303.01
1987-07-01 16:00:00,304,302.53
1987-07-02 16:00:00,306.34,302.94
1987-07-03 16:00:00,304.92,304.92
1987-07-06 16:00:00,306.75,304.23
1987-07-07 16:00:00,308.63,304.73
1987-07-08 16:00:00,308.48,306.01
1987-07-09 16:00:00,309.56,307.42
1987-07-10 16:00:00,308.4,306.96
1987-07-13 16:00:00,308.41,305.49
1987-07-14 16:00:00,310.69,307.46
1987-07-15 16:00:00,312.08,309.07
1987-07-16 16:00:00,312.83,310.42
1987-07-17 16:00:00,314.59,312.38
1987-07-20 16:00:00,314.59,311.24
1987-07-21 16:00:00,312.41,307.51
1987-07-22 16:00:00,309.12,307.22
1987-07-23 16:00:00,309.63,306.1
1987-07-24 16:00:00,309.28,307.78
1987-07-27 16:00:00,310.7,308.61
1987-07-28 16:00:00,312.33,310.28
1987-07-29 16:00:00,315.65,311.73
1987-07-30 16:00:00,318.53,315.65
1987-07-31 16:00:00,318.85,317.56
1987-08-03 16:00:00,320.26,316.52
1987-08-04 16:00:00,318.25,314.51
1987-08-05 16:00:00,319.74,316.23
1987-08-06 16:00:00,322.09,317.5
1987-08-07 16:00:00,324.15,321.82
1987-08-10 16:00:00,328,322.95
1987-08-11 16:00:00,333.4,328
1987-08-12 16:00:00,334.57,331.06
1987-08-13 16:00:00,335.52,332.38
1987-08-14 16:00:00,336.08,332.63
1987-08-17 16:00:00,335.43,332.88
1987-08-18 16:00:00,334.11,326.43
1987-08-19 16:00:00,329.89,326.54
1987-08-20 16:00:00,335.19,329.83
1987-08-21 16:00:00,336.37,334.3
1987-08-24 16:00:00,335.9,331.92
1987-08-25 16:00:00,337.89,333.33
1987-08-26 16:00:00,337.39,334.46
1987-08-27 16:00:00,334.57,331.1
1987-08-28 16:00:00,331.38,327.03
1987-08-31 16:00:00,330.09,326.99
1987-09-01 16:00:00,332.18,322.83
1987-09-02 16:00:00,324.53,318.76
1987-09-03 16:00:00,324.29,317.39
1987-09-04 16:00:00,322.03,316.53
1987-09-07 16:00:00,313.56,313.56
1987-09-08 16:00:00,316.7,308.56
1987-09-09 16:00:00,315.41,312.29
1987-09-10 16:00:00,317.59,313.92
1987-09-11 16:00:00,322.45,317.13
1987-09-14 16:00:00,323.81,320.4
1987-09-15 16:00:00,323.08,317.63
1987-09-16 16:00:00,319.5,314.61
1987-09-17 16:00:00,316.08,313.45
1987-09-18 16:00:00,316.99,314.86
1987-09-21 16:00:00,317.66,310.12
1987-09-22 16:00:00,319.51,308.69
1987-09-23 16:00:00,321.83,319.12
1987-09-24 16:00:00,322.01,319.12
1987-09-25 16:00:00,320.55,318.1
1987-09-28 16:00:00,325.33,320.16
1987-09-29 16:00:00,324.63,320.27
1987-09-30 16:00:00,322.53,320.16
1987-10-01 16:00:00,327.34,321.83
1987-10-02 16:00:00,328.94,327.22
1987-10-05 16:00:00,328.57,326.09
1987-10-06 16:00:00,328.08,319.17
1987-10-07 16:00:00,319.39,315.78
1987-10-08 16:00:00,319.34,312.02
1987-10-09 16:00:00,315.04,310.97
1987-10-12 16:00:00,311.07,306.76
1987-10-13 16:00:00,314.53,309.39
1987-10-14 16:00:00,314.52,304.78
1987-10-15 16:00:00,305.23,298.07
1987-10-16 16:00:00,298.92,281.52
1987-10-19 16:00:00,282.7,224.83
1987-10-20 16:00:00,245.62,216.46
1987-10-21 16:00:00,259.27,236.83
1987-10-22 16:00:00,258.38,242.99
1987-10-23 16:00:00,250.7,242.76
1987-10-26 16:00:00,248.22,227.26
1987-10-27 16:00:00,237.81,227.67
1987-10-28 16:00:00,238.58,226.26
1987-10-29 16:00:00,246.69,233.28
1987-10-30 16:00:00,254.04,244.77
1987-11-02 16:00:00,255.75,249.15
1987-11-03 16:00:00,255.75,242.78
1987-11-04 16:00:00,251,246.34
1987-11-05 16:00:00,256.09,247.72
1987-11-06 16:00:00,257.21,249.68
1987-11-09 16:00:00,250.41,243.01
1987-11-10 16:00:00,243.17,237.64
1987-11-11 16:00:00,243.86,239
1987-11-12 16:00:00,249.9,241.9
1987-11-13 16:00:00,249.42,245.64
1987-11-16 16:00:00,249.54,244.98
1987-11-17 16:00:00,246.76,240.81
1987-11-18 16:00:00,245.55,240.67
1987-11-19 16:00:00,245.55,239.7
1987-11-20 16:00:00,242.01,235.89
1987-11-23 16:00:00,242.99,240.5
1987-11-24 16:00:00,247.9,242.98
1987-11-25 16:00:00,246.54,244.08
1987-11-27 16:00:00,244.12,240.34
1987-11-30 16:00:00,240.34,225.75
1987-12-01 16:00:00,234.02,230.3
1987-12-02 16:00:00,234.56,230.31
1987-12-03 16:00:00,233.9,225.21
1987-12-04 16:00:00,225.77,221.24
1987-12-07 16:00:00,228.77,223.92
1987-12-08 16:00:00,234.92,228.69
1987-12-09 16:00:00,240.09,233.83
1987-12-10 16:00:00,240.05,233.4
1987-12-11 16:00:00,235.48,233.35
1987-12-14 16:00:00,242.34,235.04
1987-12-15 16:00:00,245.59,241.31
1987-12-16 16:00:00,248.11,242.8
1987-12-17 16:00:00,248.6,242.96
1987-12-18 16:00:00,249.18,243.01
1987-12-21 16:00:00,250.25,248.3
1987-12-22 16:00:00,249.97,247.01
1987-12-23 16:00:00,253.35,249.95
1987-12-24 16:00:00,253.16,251.68
1987-12-28 16:00:00,252.02,244.19
1987-12-29 16:00:00,245.88,244.28
1987-12-30 16:00:00,248.06,244.59
1987-12-31 16:00:00,247.86,245.22
1988-01-04 16:00:00,256.44,247.08
1988-01-05 16:00:00,261.78,255.95
1988-01-06 16:00:00,259.79,257.18
1988-01-07 16:00:00,261.32,256.18
1988-01-08 16:00:00,261.07,242.95
1988-01-11 16:00:00,247.51,241.07
1988-01-12 16:00:00,247.49,240.46
1988-01-13 16:00:00,249.25,241.41
1988-01-14 16:00:00,247,243.97
1988-01-15 16:00:00,253.65,245.88
1988-01-18 16:00:00,252.86,249.98
1988-01-19 16:00:00,253.33,248.75
1988-01-20 16:00:00,249.32,241.14
1988-01-21 16:00:00,244.25,240.17
1988-01-22 16:00:00,246.5,243.14
1988-01-25 16:00:00,252.87,246.5
1988-01-26 16:00:00,252.17,249.1
1988-01-27 16:00:00,253.02,248.5
1988-01-28 16:00:00,253.66,249.38
1988-01-29 16:00:00,257.07,252.7
1988-02-01 16:00:00,258.27,254.93
1988-02-02 16:00:00,256.08,252.8
1988-02-03 16:00:00,256.98,250.56
1988-02-04 16:00:00,253.03,250.34
1988-02-05 16:00:00,253.85,250.9
1988-02-08 16:00:00,250.96,247.82
1988-02-09 16:00:00,251.72,248.66
1988-02-10 16:00:00,256.92,251.72
1988-02-11 16:00:00,257.77,255.12
1988-02-12 16:00:00,258.86,255.85
1988-02-15 16:00:00,259.83,259.83
1988-02-16 16:00:00,259.84,256.57
1988-02-17 16:00:00,261.47,257.83
1988-02-18 16:00:00,259.6,256.9
1988-02-19 16:00:00,261.61,257.62
1988-02-22 16:00:00,266.06,260.88
1988-02-23 16:00:00,266.12,263.11
1988-02-24 16:00:00,266.25,263.87
1988-02-25 16:00:00,267.75,261.05
1988-02-26 16:00:00,263,261.38
1988-02-29 16:00:00,267.82,262.46
1988-03-01 16:00:00,267.95,265.39
1988-03-02 16:00:00,268.75,267
1988-03-03 16:00:00,268.4,266.82
1988-03-04 16:00:00,268.4,264.72
1988-03-07 16:00:00,267.69,265.94
1988-03-08 16:00:00,270.06,267.38
1988-03-09 16:00:00,270.76,268.65
1988-03-10 16:00:00,269.35,263.8
1988-03-11 16:00:00,264.94,261.27
1988-03-14 16:00:00,266.55,264.52
1988-03-15 16:00:00,266.41,264.92
1988-03-16 16:00:00,268.68,264.81
1988-03-17 16:00:00,271.22,268.65
1988-03-18 16:00:00,272.64,269.76
1988-03-21 16:00:00,271.12,267.42
1988-03-22 16:00:00,269.61,267.9
1988-03-23 16:00:00,269.79,268.01
1988-03-24 16:00:00,268.91,262.48
1988-03-25 16:00:00,263.44,258.12
1988-03-28 16:00:00,258.51,256.07
1988-03-29 16:00:00,260.86,258.06
1988-03-30 16:00:00,261.59,257.92
1988-03-31 16:00:00,259.03,256.16
1988-04-04 16:00:00,259.06,255.68
1988-04-05 16:00:00,258.52,256.03
1988-04-06 16:00:00,265.5,258.22
1988-04-07 16:00:00,267.32,265.22
1988-04-08 16:00:00,270.22,266.11
1988-04-11 16:00:00,270.41,268.61
1988-04-12 16:00:00,272.05,269.66
1988-04-13 16:00:00,271.7,269.23
1988-04-14 16:00:00,271.57,259.37
1988-04-15 16:00:00,260.39,255.97
1988-04-18 16:00:00,259.81,258.03
1988-04-19 16:00:00,262.38,257.91
1988-04-20 16:00:00,258.54,256.12
1988-04-21 16:00:00,260.44,254.71
1988-04-22 16:00:00,261.16,256.42
1988-04-25 16:00:00,263.29,260.14
1988-04-26 16:00:00,265.06,262.18
1988-04-27 16:00:00,265.09,263.45
1988-04-28 16:00:00,263.8,262.22
1988-04-29 16:00:00,262.61,259.97
1988-05-02 16:00:00,261.56,259.99
1988-05-03 16:00:00,263.7,261.55
1988-05-04 16:00:00,263.23,260.31
1988-05-05 16:00:00,260.32,258.13
1988-05-06 16:00:00,260.31,257.03
1988-05-09 16:00:00,258.22,255.45
1988-05-10 16:00:00,258.3,255.93
1988-05-11 16:00:00,257.62,252.32
1988-05-12 16:00:00,254.87,253.31
1988-05-13 16:00:00,256.83,253.85
1988-05-16 16:00:00,258.71,256.28
1988-05-17 16:00:00,260.2,255.35
1988-05-18 16:00:00,255.67,250.73
1988-05-19 16:00:00,252.57,248.85
1988-05-20 16:00:00,253.7,251.79
1988-05-23 16:00:00,253.02,249.82
1988-05-24 16:00:00,253.51,250.83
1988-05-25 16:00:00,255.34,253.51
1988-05-26 16:00:00,254.98,253.52
1988-05-27 16:00:00,254.63,252.74
1988-05-31 16:00:00,262.16,253.42
1988-06-01 16:00:00,267.43,262.1
1988-06-02 16:00:00,266.71,264.12
1988-06-03 16:00:00,267.11,264.42
1988-06-06 16:00:00,267.05,264.97
1988-06-07 16:00:00,267.28,264.5
1988-06-08 16:00:00,272.01,265.17
1988-06-09 16:00:00,272.29,270.19
1988-06-10 16:00:00,273.21,270.2
1988-06-13 16:00:00,271.94,270.53
1988-06-14 16:00:00,276.14,271.44
1988-06-15 16:00:00,274.45,272.75
1988-06-16 16:00:00,274.45,268.76
1988-06-17 16:00:00,270.77,268.09
1988-06-20 16:00:00,270.68,268.59
1988-06-21 16:00:00,271.67,267.52
1988-06-22 16:00:00,276.88,271.67
1988-06-23 16:00:00,275.89,274.26
1988-06-24 16:00:00,275.19,273.53
1988-06-27 16:00:00,273.79,268.85
1988-06-28 16:00:00,272.8,269.06
1988-06-29 16:00:00,273.01,269.49
1988-06-30 16:00:00,273.51,270.97
1988-07-01 16:00:00,273.8,270.78
1988-07-04 16:00:00,275.81,275.81
1988-07-05 16:00:00,275.81,270.51
1988-07-06 16:00:00,276.36,269.92
1988-07-07 16:00:00,272.05,269.31
1988-07-08 16:00:00,272.31,269.86
1988-07-11 16:00:00,271.64,270.02
1988-07-12 16:00:00,270.7,266.96
1988-07-13 16:00:00,269.46,266.12
1988-07-14 16:00:00,270.69,268.58
1988-07-15 16:00:00,272.06,269.53
1988-07-18 16:00:00,272.05,268.66
1988-07-19 16:00:00,271.21,267.01
1988-07-20 16:00:00,270.24,268.47
1988-07-21 16:00:00,270,266.66
1988-07-22 16:00:00,266.66,263.29
1988-07-25 16:00:00,265.17,263.03
1988-07-26 16:00:00,266.09,264.32
1988-07-27 16:00:00,265.83,262.48
1988-07-28 16:00:00,266.55,262.5
1988-07-29 16:00:00,272.02,266.02
1988-08-01 16:00:00,272.8,271.21
1988-08-02 16:00:00,273.68,270.37
1988-08-03 16:00:00,273.42,271.15
1988-08-04 16:00:00,274.2,271.77
1988-08-05 16:00:00,271.93,270.08
1988-08-08 16:00:00,272.47,269.93
1988-08-09 16:00:00,270.2,265.06
1988-08-10 16:00:00,266.49,261.03
1988-08-11 16:00:00,262.77,260.34
1988-08-12 16:00:00,262.94,261.37
1988-08-15 16:00:00,262.55,258.68
1988-08-16 16:00:00,262.61,257.5
1988-08-17 16:00:00,261.84,259.33
1988-08-18 16:00:00,262.76,260.75
1988-08-19 16:00:00,262.27,260.23
1988-08-22 16:00:00,260.71,256.94
1988-08-23 16:00:00,257.86,256.53
1988-08-24 16:00:00,261.13,257.09
1988-08-25 16:00:00,261.13,257.56
1988-08-26 16:00:00,260.15,258.87
1988-08-29 16:00:00,262.56,259.68
1988-08-30 16:00:00,263.18,261.53
1988-08-31 16:00:00,263.8,261.21
1988-09-01 16:00:00,261.52,256.98
1988-09-02 16:00:00,264.9,258.35
1988-09-06 16:00:00,265.94,264.4
1988-09-07 16:00:00,266.98,264.93
1988-09-08 16:00:00,266.54,264.88
1988-09-09 16:00:00,268.26,263.66
1988-09-12 16:00:00,267.64,266.22
1988-09-13 16:00:00,267.43,265.22
1988-09-14 16:00:00,269.47,267.41
1988-09-15 16:00:00,269.78,268.03
1988-09-16 16:00:00,270.81,267.33
1988-09-19 16:00:00,270.65,267.41
1988-09-20 16:00:00,270.07,268.5
1988-09-21 16:00:00,270.64,269.48
1988-09-22 16:00:00,270.58,268.26
1988-09-23 16:00:00,270.31,268.28
1988-09-26 16:00:00,269.8,268.61
1988-09-27 16:00:00,269.36,268.01
1988-09-28 16:00:00,269.08,267.77
1988-09-29 16:00:00,273.02,269.08
1988-09-30 16:00:00,274.87,271.66
1988-10-03 16:00:00,271.91,268.84
1988-10-04 16:00:00,271.79,270.34
1988-10-05 16:00:00,272.45,270.08
1988-10-06 16:00:00,272.39,271.3
1988-10-07 16:00:00,278.07,272.37
1988-10-10 16:00:00,278.69,277.1
1988-10-11 16:00:00,278.24,276.33
1988-10-12 16:00:00,277.93,273.05
1988-10-13 16:00:00,275.83,273.39
1988-10-14 16:00:00,277.01,274.08
1988-10-17 16:00:00,276.65,275.01
1988-10-18 16:00:00,279.39,276.41
1988-10-19 16:00:00,280.53,274.41
1988-10-20 16:00:00,282.88,276.93
1988-10-21 16:00:00,283.66,281.16
1988-10-24 16:00:00,283.95,282.28
1988-10-25 16:00:00,282.84,281.87
1988-10-26 16:00:00,282.52,280.54
1988-10-27 16:00:00,281.38,276
1988-10-28 16:00:00,279.48,277.28
1988-10-31 16:00:00,279.39,277.14
1988-11-01 16:00:00,279.57,278.01
1988-11-02 16:00:00,279.45,277.08
1988-11-03 16:00:00,280.37,279.04
1988-11-04 16:00:00,279.2,276.31
1988-11-07 16:00:00,276.31,273.62
1988-11-08 16:00:00,275.8,273.93
1988-11-09 16:00:00,275.15,272.15
1988-11-10 16:00:00,274.37,272.98
1988-11-11 16:00:00,273.69,267.92
1988-11-14 16:00:00,269.25,266.79
1988-11-15 16:00:00,268.75,267.72
1988-11-16 16:00:00,268.41,262.85
1988-11-17 16:00:00,265.63,263.45
1988-11-18 16:00:00,266.62,264.6
1988-11-21 16:00:00,266.47,263.41
1988-11-22 16:00:00,267.85,265.42
1988-11-23 16:00:00,269.56,267.21
1988-11-25 16:00:00,269,266.47
1988-11-28 16:00:00,268.98,266.97
1988-11-29 16:00:00,271.31,268.13
1988-11-30 16:00:00,274.36,270.9
1988-12-01 16:00:00,273.7,272.27
1988-12-02 16:00:00,272.49,270.47
1988-12-05 16:00:00,275.62,271.81
1988-12-06 16:00:00,277.89,274.62
1988-12-07 16:00:00,279.01,277.34
1988-12-08 16:00:00,278.13,276.55
1988-12-09 16:00:00,277.82,276.34
1988-12-12 16:00:00,278.82,276.52
1988-12-13 16:00:00,276.52,274.58
1988-12-14 16:00:00,276.31,274.58
1988-12-15 16:00:00,275.62,274.01
1988-12-16 16:00:00,276.29,274.28
1988-12-19 16:00:00,279.31,275.61
1988-12-20 16:00:00,280.45,277.47
1988-12-21 16:00:00,277.83,276.3
1988-12-22 16:00:00,277.89,276.86
1988-12-23 16:00:00,277.99,276.87
1988-12-27 16:00:00,278.09,276.74
1988-12-28 16:00:00,277.55,276.17
1988-12-29 16:00:00,279.42,277.08
1988-12-30 16:00:00,279.78,277.72
1989-01-03 16:00:00,277.72,273.81
1989-01-04 16:00:00,279.75,275.31
1989-01-05 16:00:00,281.51,279.43
1989-01-06 16:00:00,282.06,280.01
1989-01-09 16:00:00,281.89,280.32
1989-01-10 16:00:00,281.58,279.44
1989-01-11 16:00:00,282.01,280.21
1989-01-12 16:00:00,284.63,282.01
1989-01-13 16:00:00,284.12,282.71
1989-01-16 16:00:00,284.88,283.63
1989-01-17 16:00:00,284.14,283.06
1989-01-18 16:00:00,286.87,282.65
1989-01-19 16:00:00,287.9,286.14
1989-01-20 16:00:00,287.04,285.75
1989-01-23 16:00:00,287.98,284.5
1989-01-24 16:00:00,288.49,284.5
1989-01-25 16:00:00,289.15,287.97
1989-01-26 16:00:00,292.62,288.13
1989-01-27 16:00:00,296.08,291.69
1989-01-30 16:00:00,295.13,293.54
1989-01-31 16:00:00,297.51,293.57
1989-02-01 16:00:00,298.33,296.22
1989-02-02 16:00:00,297.92,295.81
1989-02-03 16:00:00,297.66,296.15
1989-02-06 16:00:00,296.99,294.96
1989-02-07 16:00:00,300.34,295.78
1989-02-08 16:00:00,300.57,298.41
1989-02-09 16:00:00,298.79,295.16
1989-02-10 16:00:00,296.06,291.96
1989-02-13 16:00:00,293.07,290.88
1989-02-14 16:00:00,294.37,291.41
1989-02-15 16:00:00,294.42,291.49
1989-02-16 16:00:00,295.15,294.22
1989-02-17 16:00:00,297.12,294.69
1989-02-21 16:00:00,297.04,295.16
1989-02-22 16:00:00,295.98,290.76
1989-02-23 16:00:00,292.05,289.83
1989-02-24 16:00:00,292.05,287.13
1989-02-27 16:00:00,288.12,286.26
1989-02-28 16:00:00,289.42,287.63
1989-03-01 16:00:00,290.28,286.46
1989-03-02 16:00:00,290.32,287.11
1989-03-03 16:00:00,291.18,289.44
1989-03-06 16:00:00,294.81,291.18
1989-03-07 16:00:00,295.16,293.5
1989-03-08 16:00:00,295.62,293.51
1989-03-09 16:00:00,294.69,293.85
1989-03-10 16:00:00,293.93,291.6
1989-03-13 16:00:00,296.18,292.88
1989-03-14 16:00:00,296.29,294.63
1989-03-15 16:00:00,296.78,295.14
1989-03-16 16:00:00,299.99,296.66
1989-03-17 16:00:00,299.44,291.08
1989-03-20 16:00:00,292.69,288.56
1989-03-21 16:00:00,292.38,289.92
1989-03-22 16:00:00,291.46,289.9
1989-03-23 16:00:00,291.51,288.56
1989-03-24 16:00:00,290.58,290.58
1989-03-27 16:00:00,290.57,288.07
1989-03-28 16:00:00,292.32,290.57
1989-03-29 16:00:00,292.75,291.42
1989-03-30 16:00:00,293.8,291.5
1989-03-31 16:00:00,294.96,292.52
1989-04-03 16:00:00,297.04,294.62
1989-04-04 16:00:00,296.4,294.72
1989-04-05 16:00:00,296.43,295.28
1989-04-06 16:00:00,296.24,294.52
1989-04-07 16:00:00,297.62,294.35
1989-04-10 16:00:00,297.94,296.85
1989-04-11 16:00:00,298.87,297.11
1989-04-12 16:00:00,299.81,298.49
1989-04-13 16:00:00,299,296.27
1989-04-14 16:00:00,301.38,296.4
1989-04-17 16:00:00,302.01,300.71
1989-04-18 16:00:00,306.25,301.72
1989-04-19 16:00:00,307.68,305.36
1989-04-20 16:00:00,307.96,304.53
1989-04-21 16:00:00,309.61,306.19
1989-04-24 16:00:00,309.61,307.83
1989-04-25 16:00:00,309.65,306.74
1989-04-26 16:00:00,307.3,306.07
1989-04-27 16:00:00,310.45,306.93
1989-04-28 16:00:00,309.65,308.48
1989-05-01 16:00:00,309.64,307.4
1989-05-02 16:00:00,310.45,308.12
1989-05-03 16:00:00,308.52,307.11
1989-05-04 16:00:00,308.4,307.32
1989-05-05 16:00:00,310.69,306.98
1989-05-08 16:00:00,307.61,304.74
1989-05-09 16:00:00,306.99,304.06
1989-05-10 16:00:00,306.25,304.85
1989-05-11 16:00:00,307.34,305.8
1989-05-12 16:00:00,313.84,306.95
1989-05-15 16:00:00,316.16,313.84
1989-05-16 16:00:00,316.16,314.99
1989-05-17 16:00:00,317.94,315.11
1989-05-18 16:00:00,318.52,316.54
1989-05-19 16:00:00,321.38,317.97
1989-05-22 16:00:00,323.06,320.45
1989-05-23 16:00:00,321.98,318.2
1989-05-24 16:00:00,319.14,317.58
1989-05-25 16:00:00,319.6,318.42
1989-05-26 16:00:00,321.59,319.14
1989-05-29 16:00:00,319.05,319.05
1989-05-30 16:00:00,322.53,317.83
1989-05-31 16:00:00,321.3,318.68
1989-06-01 16:00:00,322.57,320.01
1989-06-02 16:00:00,325.63,321.97
1989-06-05 16:00:00,325.93,322.02
1989-06-06 16:00:00,324.48,321.27
1989-06-07 16:00:00,327.39,324.24
1989-06-08 16:00:00,327.37,325.92
1989-06-09 16:00:00,327.32,325.16
1989-06-12 16:00:00,326.69,323.73
1989-06-13 16:00:00,326.24,322.96
1989-06-14 16:00:00,324.89,322.8
1989-06-15 16:00:00,323.83,319.21
1989-06-16 16:00:00,321.36,318.69
1989-06-19 16:00:00,321.89,320.4
1989-06-20 16:00:00,322.78,321.03
1989-06-21 16:00:00,321.87,319.25
1989-06-22 16:00:00,322.34,320.2
1989-06-23 16:00:00,328,322.32
1989-06-26 16:00:00,328.15,326.31
1989-06-27 16:00:00,329.19,326.59
1989-06-28 16:00:00,328.44,324.3
1989-06-29 16:00:00,325.81,319.54
1989-06-30 16:00:00,319.97,314.38
1989-07-03 16:00:00,319.27,317.27
1989-07-04 16:00:00,320.64,320.64
1989-07-05 16:00:00,321.22,317.26
1989-07-06 16:00:00,321.55,320.45
1989-07-07 16:00:00,325.87,321.08
1989-07-10 16:00:00,327.07,324.91
1989-07-11 16:00:00,330.42,327.07
1989-07-12 16:00:00,330.39,327.92
1989-07-13 16:00:00,330.37,329.08
1989-07-14 16:00:00,331.89,327.13
1989-07-17 16:00:00,333.02,331.02
1989-07-18 16:00:00,332.44,330.75
1989-07-19 16:00:00,335.73,331.35
1989-07-20 16:00:00,337.4,333.22
1989-07-21 16:00:00,335.91,332.46
1989-07-24 16:00:00,335.9,333.44
1989-07-25 16:00:00,336.29,332.6
1989-07-26 16:00:00,338.05,333.19
1989-07-27 16:00:00,342,338.05
1989-07-28 16:00:00,342.96,341.3
1989-07-31 16:00:00,346.08,342.02
1989-08-01 16:00:00,347.99,342.93
1989-08-02 16:00:00,344.34,342.47
1989-08-03 16:00:00,345.22,343.81
1989-08-04 16:00:00,345.42,342.6
1989-08-07 16:00:00,349.42,343.91
1989-08-08 16:00:00,349.84,348.28
1989-08-09 16:00:00,351,346.86
1989-08-10 16:00:00,349.78,345.31
1989-08-11 16:00:00,351.18,344.01
1989-08-14 16:00:00,345.44,341.96
1989-08-15 16:00:00,345.03,343.05
1989-08-16 16:00:00,346.37,344.71
1989-08-17 16:00:00,346.39,342.97
1989-08-18 16:00:00,346.03,343.89
1989-08-21 16:00:00,346.25,340.55
1989-08-22 16:00:00,341.25,339
1989-08-23 16:00:00,344.8,341.19
1989-08-24 16:00:00,351.52,344.7
1989-08-25 16:00:00,352.73,350.09
1989-08-28 16:00:00,352.09,349.08
1989-08-29 16:00:00,352.12,348.86
1989-08-30 16:00:00,352.27,348.66
1989-08-31 16:00:00,351.45,350.21
1989-09-01 16:00:00,353.9,350.88
1989-09-05 16:00:00,354.13,351.82
1989-09-06 16:00:00,352.56,347.98
1989-09-07 16:00:00,350.31,348.15
1989-09-08 16:00:00,349.18,345.74
1989-09-11 16:00:00,348.76,345.91
1989-09-12 16:00:00,349.46,347.5
1989-09-13 16:00:00,350.1,345.46
1989-09-14 16:00:00,345.61,342.55
1989-09-15 16:00:00,345.06,341.37
1989-09-18 16:00:00,346.84,344.6
1989-09-19 16:00:00,348.17,346.44
1989-09-20 16:00:00,347.27,346.18
1989-09-21 16:00:00,348.46,344.96
1989-09-22 16:00:00,347.57,345.69
1989-09-25 16:00:00,347.05,343.7
1989-09-26 16:00:00,347.02,344.13
1989-09-27 16:00:00,345.47,342.85
1989-09-28 16:00:00,348.61,345.1
1989-09-29 16:00:00,350.31,348.12
1989-10-02 16:00:00,350.99,348.35
1989-10-03 16:00:00,354.73,350.85
1989-10-04 16:00:00,357.49,354.71
1989-10-05 16:00:00,357.63,356.28
1989-10-06 16:00:00,359.05,356.97
1989-10-09 16:00:00,359.86,358.06
1989-10-10 16:00:00,360.44,358.11
1989-10-11 16:00:00,359.13,356.08
1989-10-12 16:00:00,356.99,354.91
1989-10-13 16:00:00,355.53,332.81
1989-10-16 16:00:00,342.87,327.12
1989-10-17 16:00:00,342.85,335.69
1989-10-18 16:00:00,343.39,339.03
1989-10-19 16:00:00,348.82,341.76
1989-10-20 16:00:00,347.57,344.47
1989-10-23 16:00:00,348.19,344.22
1989-10-24 16:00:00,344.83,335.13
1989-10-25 16:00:00,344.51,341.96
1989-10-26 16:00:00,342.5,337.2
1989-10-27 16:00:00,337.97,333.26
1989-10-30 16:00:00,337.04,334.48
1989-10-31 16:00:00,340.86,335.07
1989-11-01 16:00:00,341.74,339.79
1989-11-02 16:00:00,341.2,336.61
1989-11-03 16:00:00,339.67,337.37
1989-11-06 16:00:00,337.62,332.33
1989-11-07 16:00:00,334.82,330.91
1989-11-08 16:00:00,339.41,334.81
1989-11-09 16:00:00,338.73,336.21
1989-11-10 16:00:00,339.1,336.57
1989-11-13 16:00:00,340.51,337.93
1989-11-14 16:00:00,340.41,337.06
1989-11-15 16:00:00,340.54,337.14
1989-11-16 16:00:00,341.02,338.93
1989-11-17 16:00:00,342.24,339.85
1989-11-20 16:00:00,341.9,338.29
1989-11-21 16:00:00,340.21,337.53
1989-11-22 16:00:00,341.92,339.59
1989-11-24 16:00:00,344.24,341.91
1989-11-27 16:00:00,346.24,343.97
1989-11-28 16:00:00,346.33,344.41
1989-11-29 16:00:00,345.77,343.36
1989-11-30 16:00:00,346.5,343.57
1989-12-01 16:00:00,351.88,345.99
1989-12-04 16:00:00,351.51,350.32
1989-12-05 16:00:00,352.24,349.58
1989-12-06 16:00:00,349.94,347.91
1989-12-07 16:00:00,349.84,346
1989-12-08 16:00:00,349.6,347.59
1989-12-11 16:00:00,348.74,346.39
1989-12-12 16:00:00,352.21,348.41
1989-12-13 16:00:00,354.1,351.65
1989-12-14 16:00:00,352.75,350.08
1989-12-15 16:00:00,351.86,346.08
1989-12-18 16:00:00,350.88,342.19
1989-12-19 16:00:00,343.74,339.63
1989-12-20 16:00:00,343.7,341.79
1989-12-21 16:00:00,345.03,342.84
1989-12-22 16:00:00,347.53,344.76
1989-12-26 16:00:00,347.87,346.53
1989-12-27 16:00:00,349.12,346.81
1989-12-28 16:00:00,350.68,348.76
1989-12-29 16:00:00,353.41,350.67
1990-01-02 16:00:00,359.69,351.98
1990-01-03 16:00:00,360.59,357.89
1990-01-04 16:00:00,358.76,352.89
1990-01-05 16:00:00,355.67,351.35
1990-01-08 16:00:00,354.24,350.54
1990-01-09 16:00:00,354.17,349.61
1990-01-10 16:00:00,349.62,344.32
1990-01-11 16:00:00,350.14,347.31
1990-01-12 16:00:00,348.53,339.49
1990-01-15 16:00:00,339.94,336.57
1990-01-16 16:00:00,340.75,333.37
1990-01-17 16:00:00,342.01,336.26
1990-01-18 16:00:00,338.38,333.98
1990-01-19 16:00:00,340.48,338.19
1990-01-22 16:00:00,339.96,330.28
1990-01-23 16:00:00,332.76,328.67
1990-01-24 16:00:00,331.71,324.17
1990-01-25 16:00:00,332.33,325.33
1990-01-26 16:00:00,328.58,321.44
1990-01-29 16:00:00,327.31,321.79
1990-01-30 16:00:00,325.73,319.83
1990-01-31 16:00:00,329.08,322.98
1990-02-01 16:00:00,329.86,327.76
1990-02-02 16:00:00,332.1,328.09
1990-02-05 16:00:00,332.16,330.45
1990-02-06 16:00:00,331.86,328.2
1990-02-07 16:00:00,333.76,326.55
1990-02-08 16:00:00,336.09,332
1990-02-09 16:00:00,334.6,332.41
1990-02-12 16:00:00,333.62,329.97
1990-02-13 16:00:00,331.61,327.92
1990-02-14 16:00:00,333.2,330.64
1990-02-15 16:00:00,335.21,331.61
1990-02-16 16:00:00,335.64,332.42
1990-02-20 16:00:00,332.72,326.26
1990-02-21 16:00:00,328.17,324.47
1990-02-22 16:00:00,330.98,325.7
1990-02-23 16:00:00,326.15,322.1
1990-02-26 16:00:00,328.67,323.98
1990-02-27 16:00:00,331.94,328.47
1990-02-28 16:00:00,333.48,330.16
1990-03-01 16:00:00,334.4,331.08
1990-03-02 16:00:00,335.54,332.72
1990-03-05 16:00:00,336.38,333.49
1990-03-06 16:00:00,337.93,333.57
1990-03-07 16:00:00,338.84,336.33
1990-03-08 16:00:00,340.66,336.95
1990-03-09 16:00:00,340.27,336.84
1990-03-12 16:00:00,339.08,336.14
1990-03-13 16:00:00,338.67,335.36
1990-03-14 16:00:00,337.63,334.93
1990-03-15 16:00:00,338.91,336.87
1990-03-16 16:00:00,341.91,338.07
1990-03-19 16:00:00,343.76,339.12
1990-03-20 16:00:00,344.49,340.87
1990-03-21 16:00:00,342.34,339.56
1990-03-22 16:00:00,339.77,333.62
1990-03-23 16:00:00,337.58,335.69
1990-03-26 16:00:00,339.74,337.22
1990-03-27 16:00:00,341.5,337.03
1990-03-28 16:00:00,342.58,340.6
1990-03-29 16:00:00,342.07,339.77
1990-03-30 16:00:00,341.41,338.21
1990-04-02 16:00:00,339.94,336.33
1990-04-03 16:00:00,343.76,338.7
1990-04-04 16:00:00,344.12,340.4
1990-04-05 16:00:00,342.85,340.63
1990-04-06 16:00:00,341.73,338.94
1990-04-09 16:00:00,341.83,339.88
1990-04-10 16:00:00,342.41,340.62
1990-04-11 16:00:00,343,341.26
1990-04-12 16:00:00,344.79,341.91
1990-04-16 16:00:00,347.3,344.1
1990-04-17 16:00:00,345.19,342.06
1990-04-18 16:00:00,345.33,340.11
1990-04-19 16:00:00,340.72,337.59
1990-04-20 16:00:00,338.52,333.41
1990-04-23 16:00:00,335.12,330.09
1990-04-24 16:00:00,332.97,329.71
1990-04-25 16:00:00,332.74,330.36
1990-04-26 16:00:00,333.76,330.67
1990-04-27 16:00:00,333.57,328.71
1990-04-30 16:00:00,331.31,327.76
1990-05-01 16:00:00,332.83,330.8
1990-05-02 16:00:00,334.48,332.15
1990-05-03 16:00:00,337.02,334.47
1990-05-04 16:00:00,338.46,335.17
1990-05-07 16:00:00,341.07,338.11
1990-05-08 16:00:00,342.03,340.17
1990-05-09 16:00:00,343.08,340.9
1990-05-10 16:00:00,344.98,342.77
1990-05-11 16:00:00,352.31,343.82
1990-05-14 16:00:00,358.41,351.95
1990-05-15 16:00:00,355.09,352.84
1990-05-16 16:00:00,354.68,351.95
1990-05-17 16:00:00,356.92,354
1990-05-18 16:00:00,354.64,352.52
1990-05-21 16:00:00,359.07,353.78
1990-05-22 16:00:00,360.5,356.09
1990-05-23 16:00:00,359.29,356.99
1990-05-24 16:00:00,359.56,357.87
1990-05-25 16:00:00,358.41,354.32
1990-05-29 16:00:00,360.65,354.55
1990-05-30 16:00:00,362.26,360
1990-05-31 16:00:00,361.84,360.23
1990-06-01 16:00:00,363.52,361.21
1990-06-04 16:00:00,367.85,362.43
1990-06-05 16:00:00,368.78,365.49
1990-06-06 16:00:00,366.64,364.42
1990-06-07 16:00:00,365.92,361.6
1990-06-08 16:00:00,363.49,357.68
1990-06-11 16:00:00,361.63,357.7
1990-06-12 16:00:00,367.27,361.15
1990-06-13 16:00:00,367.09,364.51
1990-06-14 16:00:00,364.9,361.64
1990-06-15 16:00:00,363.14,360.71
1990-06-18 16:00:00,362.91,356.88
1990-06-19 16:00:00,358.9,356.18
1990-06-20 16:00:00,359.91,357
1990-06-21 16:00:00,360.88,357.63
1990-06-22 16:00:00,363.2,355.31
1990-06-25 16:00:00,356.41,351.91
1990-06-26 16:00:00,356.09,351.85
1990-06-27 16:00:00,355.89,351.23
1990-06-28 16:00:00,357.63,355.16
1990-06-29 16:00:00,359.09,357.3
1990-07-02 16:00:00,359.58,357.54
1990-07-03 16:00:00,360.73,359.44
1990-07-05 16:00:00,360.16,354.86
1990-07-06 16:00:00,359.02,354.64
1990-07-09 16:00:00,360.05,358.11
1990-07-10 16:00:00,359.74,356.41
1990-07-11 16:00:00,361.23,356.49
1990-07-12 16:00:00,365.46,360.57
1990-07-13 16:00:00,369.68,365.45
1990-07-16 16:00:00,369.78,367.31
1990-07-17 16:00:00,369.4,364.99
1990-07-18 16:00:00,367.52,362.95
1990-07-19 16:00:00,365.32,361.29
1990-07-20 16:00:00,366.64,361.58
1990-07-23 16:00:00,361.61,350.09
1990-07-24 16:00:00,356.09,351.46
1990-07-25 16:00:00,357.52,354.8
1990-07-26 16:00:00,357.47,353.95
1990-07-27 16:00:00,355.94,352.14
1990-07-30 16:00:00,355.55,351.15
1990-07-31 16:00:00,357.54,353.91
1990-08-01 16:00:00,357.35,353.82
1990-08-02 16:00:00,355.52,349.73
1990-08-03 16:00:00,351.48,338.2
1990-08-06 16:00:00,344.86,333.27
1990-08-07 16:00:00,338.63,332.22
1990-08-08 16:00:00,339.21,334.83
1990-08-09 16:00:00,340.56,337.56
1990-08-10 16:00:00,339.9,334.22
1990-08-13 16:00:00,338.88,332.02
1990-08-14 16:00:00,340.96,337.19
1990-08-15 16:00:00,341.92,339.38
1990-08-16 16:00:00,340.06,332.39
1990-08-17 16:00:00,332.36,324.63
1990-08-20 16:00:00,329.9,327.07
1990-08-21 16:00:00,328.51,318.78
1990-08-22 16:00:00,324.15,316.55
1990-08-23 16:00:00,316.55,306.56
1990-08-24 16:00:00,311.65,306.18
1990-08-27 16:00:00,323.11,311.55
1990-08-28 16:00:00,322.2,320.25
1990-08-29 16:00:00,325.83,320.87
1990-08-30 16:00:00,324.57,317.82
1990-08-31 16:00:00,322.57,316.59
1990-09-04 16:00:00,323.09,319.11
1990-09-05 16:00:00,324.52,320.99
1990-09-06 16:00:00,324.39,319.37
1990-09-07 16:00:00,324.18,319.71
1990-09-10 16:00:00,326.53,320.31
1990-09-11 16:00:00,322.18,319.6
1990-09-12 16:00:00,322.55,319.6
1990-09-13 16:00:00,322.51,318.02
1990-09-14 16:00:00,318.65,314.76
1990-09-17 16:00:00,318.05,315.21
1990-09-18 16:00:00,318.85,314.27
1990-09-19 16:00:00,319.35,316.25
1990-09-20 16:00:00,316.6,310.55
1990-09-21 16:00:00,312.17,307.98
1990-09-24 16:00:00,311.3,303.58
1990-09-25 16:00:00,308.27,304.23
1990-09-26 16:00:00,308.28,303.05
1990-09-27 16:00:00,307.47,299.1
1990-09-28 16:00:00,306.05,295.98
1990-10-01 16:00:00,314.94,306.1
1990-10-02 16:00:00,319.69,314.94
1990-10-03 16:00:00,316.26,310.7
1990-10-04 16:00:00,313.4,308.59
1990-10-05 16:00:00,314.79,305.76
1990-10-08 16:00:00,315.03,311.5
1990-10-09 16:00:00,313.46,305.09
1990-10-10 16:00:00,306.43,299.21
1990-10-11 16:00:00,301.45,294.51
1990-10-12 16:00:00,301.68,295.22
1990-10-15 16:00:00,304.79,296.41
1990-10-16 16:00:00,304.34,298.12
1990-10-17 16:00:00,301.5,297.79
1990-10-18 16:00:00,305.74,298.75
1990-10-19 16:00:00,312.48,305.74
1990-10-22 16:00:00,315.83,310.47
1990-10-23 16:00:00,315.06,312.06
1990-10-24 16:00:00,313.51,310.74
1990-10-25 16:00:00,313.71,309.7
1990-10-26 16:00:00,310.17,304.71
1990-10-29 16:00:00,307.41,300.69
1990-10-30 16:00:00,304.36,299.44
1990-10-31 16:00:00,305.7,302.33
1990-11-01 16:00:00,307.27,301.61
1990-11-02 16:00:00,311.94,306.88
1990-11-05 16:00:00,314.61,311.41
1990-11-06 16:00:00,314.76,311.43
1990-11-07 16:00:00,311.62,305.79
1990-11-08 16:00:00,309.77,305.03
1990-11-09 16:00:00,313.78,307.61
1990-11-12 16:00:00,319.77,313.73
1990-11-13 16:00:00,319.48,317.26
1990-11-14 16:00:00,321.7,317.23
1990-11-15 16:00:00,320.4,316.13
1990-11-16 16:00:00,318.8,314.99
1990-11-19 16:00:00,319.39,317.15
1990-11-20 16:00:00,319.34,315.31
1990-11-21 16:00:00,316.15,312.42
1990-11-23 16:00:00,317.3,315.06
1990-11-26 16:00:00,316.51,311.48
1990-11-27 16:00:00,318.69,315.8
1990-11-28 16:00:00,319.96,317.62
1990-11-29 16:00:00,317.95,315.03
1990-11-30 16:00:00,323.02,315.42
1990-12-03 16:00:00,324.9,322.23
1990-12-04 16:00:00,326.77,321.97
1990-12-05 16:00:00,329.92,325.66
1990-12-06 16:00:00,333.98,328.37
1990-12-07 16:00:00,329.39,326.39
1990-12-10 16:00:00,328.97,326.15
1990-12-11 16:00:00,328.88,325.65
1990-12-12 16:00:00,330.36,326.44
1990-12-13 16:00:00,330.58,328.77
1990-12-14 16:00:00,329.34,325.16
1990-12-17 16:00:00,326.82,324.46
1990-12-18 16:00:00,330.43,325.75
1990-12-19 16:00:00,330.8,329.39
1990-12-20 16:00:00,330.74,326.94
1990-12-21 16:00:00,332.47,330.12
1990-12-24 16:00:00,331.74,329.16
1990-12-26 16:00:00,331.69,329.89
1990-12-27 16:00:00,331.04,328.23
1990-12-28 16:00:00,328.72,327.24
1990-12-31 16:00:00,330.23,327.5
1991-01-02 16:00:00,330.75,326.45
1991-01-03 16:00:00,326.53,321.9
1991-01-04 16:00:00,322.35,318.87
1991-01-07 16:00:00,320.97,315.44
1991-01-08 16:00:00,316.97,313.79
1991-01-09 16:00:00,320.73,310.93
1991-01-10 16:00:00,314.77,311.51
1991-01-11 16:00:00,315.24,313.59
1991-01-14 16:00:00,315.23,309.35
1991-01-15 16:00:00,313.73,311.84
1991-01-16 16:00:00,316.94,312.94
1991-01-17 16:00:00,327.97,316.25
1991-01-18 16:00:00,332.23,327.08
1991-01-21 16:00:00,332.23,328.87
1991-01-22 16:00:00,331.26,327.83
1991-01-23 16:00:00,331.04,327.93
1991-01-24 16:00:00,335.83,330.19
1991-01-25 16:00:00,336.92,334.2
1991-01-28 16:00:00,337.41,335.81
1991-01-29 16:00:00,336.03,334.26
1991-01-30 16:00:00,340.91,335.71
1991-01-31 16:00:00,343.93,340.47
1991-02-01 16:00:00,344.9,340.37
1991-02-04 16:00:00,348.71,342.96
1991-02-05 16:00:00,351.84,347.21
1991-02-06 16:00:00,358.07,349.58
1991-02-07 16:00:00,363.43,355.53
1991-02-08 16:00:00,359.35,356.02
1991-02-11 16:00:00,368.58,359.32
1991-02-12 16:00:00,370.54,365.5
1991-02-13 16:00:00,369.49,364.64
1991-02-14 16:00:00,370.26,362.77
1991-02-15 16:00:00,369.49,364.23
1991-02-19 16:00:00,370.11,367.05
1991-02-20 16:00:00,369.37,364.38
1991-02-21 16:00:00,366.79,364.5
1991-02-22 16:00:00,370.96,364.23
1991-02-25 16:00:00,370.19,365.16
1991-02-26 16:00:00,367.26,362.19
1991-02-27 16:00:00,368.38,362.81
1991-02-28 16:00:00,369.91,365.95
1991-03-01 16:00:00,370.47,363.73
1991-03-04 16:00:00,371.99,369.07
1991-03-05 16:00:00,377.89,369.33
1991-03-06 16:00:00,379.66,375.02
1991-03-07 16:00:00,377.49,375.58
1991-03-08 16:00:00,378.69,374.43
1991-03-11 16:00:00,375.1,372.52
1991-03-12 16:00:00,374.35,369.55
1991-03-13 16:00:00,374.65,370.03
1991-03-14 16:00:00,378.28,371.76
1991-03-15 16:00:00,374.58,370.21
1991-03-18 16:00:00,374.09,369.46
1991-03-19 16:00:00,372.11,366.54
1991-03-20 16:00:00,368.85,365.8
1991-03-21 16:00:00,371.01,366.51
1991-03-22 16:00:00,368.22,365.58
1991-03-25 16:00:00,371.31,367.46
1991-03-26 16:00:00,376.3,369.37
1991-03-27 16:00:00,378.48,374.73
1991-03-28 16:00:00,376.6,374.4
1991-04-01 16:00:00,375.22,370.27
1991-04-02 16:00:00,379.5,371.3
1991-04-03 16:00:00,381.56,378.49
1991-04-04 16:00:00,381.88,377.05
1991-04-05 16:00:00,381.12,374.15
1991-04-08 16:00:00,378.76,374.69
1991-04-09 16:00:00,379.02,373.11
1991-04-10 16:00:00,374.83,371.21
1991-04-11 16:00:00,379.53,373.15
1991-04-12 16:00:00,381.07,376.89
1991-04-15 16:00:00,382.32,378.78
1991-04-16 16:00:00,387.62,379.64
1991-04-17 16:00:00,391.26,387.3
1991-04-18 16:00:00,390.97,388.13
1991-04-19 16:00:00,388.46,383.9
1991-04-22 16:00:00,384.19,380.16
1991-04-23 16:00:00,383.55,379.67
1991-04-24 16:00:00,383.02,379.99
1991-04-25 16:00:00,382.89,378.43
1991-04-26 16:00:00,380.11,376.77
1991-04-29 16:00:00,380.96,373.66
1991-04-30 16:00:00,377.86,373.01
1991-05-01 16:00:00,380.46,375.27
1991-05-02 16:00:00,382.14,379.82
1991-05-03 16:00:00,381,378.82
1991-05-06 16:00:00,380.78,377.86
1991-05-07 16:00:00,380.91,377.31
1991-05-08 16:00:00,379.26,376.21
1991-05-09 16:00:00,383.56,378.51
1991-05-10 16:00:00,383.91,375.61
1991-05-13 16:00:00,377.02,374.62
1991-05-14 16:00:00,375.53,370.82
1991-05-15 16:00:00,372.47,365.83
1991-05-16 16:00:00,372.51,368.57
1991-05-17 16:00:00,373.01,369.44
1991-05-20 16:00:00,373.65,371.26
1991-05-21 16:00:00,376.66,372.28
1991-05-22 16:00:00,376.5,374.4
1991-05-23 16:00:00,378.07,373.55
1991-05-24 16:00:00,378.08,374.97
1991-05-28 16:00:00,382.1,377.12
1991-05-29 16:00:00,383.66,381.37
1991-05-30 16:00:00,388.17,382.5
1991-05-31 16:00:00,389.85,385.01
1991-06-03 16:00:00,389.81,386.97
1991-06-04 16:00:00,388.06,385.14
1991-06-05 16:00:00,388.23,384.45
1991-06-06 16:00:00,385.85,383.13
1991-06-07 16:00:00,383.63,378.76
1991-06-10 16:00:00,379.75,377.95
1991-06-11 16:00:00,381.63,378.57
1991-06-12 16:00:00,381.05,374.46
1991-06-13 16:00:00,377.9,376.08
1991-06-14 16:00:00,382.3,377.63
1991-06-17 16:00:00,382.31,380.13
1991-06-18 16:00:00,381.83,377.99
1991-06-19 16:00:00,378.57,374.36
1991-06-20 16:00:00,376.29,373.87
1991-06-21 16:00:00,377.75,375.33
1991-06-24 16:00:00,377.74,370.73
1991-06-25 16:00:00,372.62,369.56
1991-06-26 16:00:00,372.73,368.34
1991-06-27 16:00:00,374.4,371.59
1991-06-28 16:00:00,374.4,367.98
1991-07-01 16:00:00,377.92,371.18
1991-07-02 16:00:00,377.93,376.62
1991-07-03 16:00:00,377.47,372.08
1991-07-05 16:00:00,375.51,372.17
1991-07-08 16:00:00,377.94,370.92
1991-07-09 16:00:00,378.58,375.37
1991-07-10 16:00:00,380.35,375.2
1991-07-11 16:00:00,377.68,375.51
1991-07-12 16:00:00,381.41,375.79
1991-07-15 16:00:00,383,380.24
1991-07-16 16:00:00,382.94,380.8
1991-07-17 16:00:00,382.86,381.13
1991-07-18 16:00:00,385.37,381.18
1991-07-19 16:00:00,385.83,383.65
1991-07-22 16:00:00,384.55,381.84
1991-07-23 16:00:00,384.86,379.39
1991-07-24 16:00:00,380.46,378.29
1991-07-25 16:00:00,381.13,378.15
1991-07-26 16:00:00,381.76,379.81
1991-07-29 16:00:00,383.15,380.45
1991-07-30 16:00:00,386.92,383.15
1991-07-31 16:00:00,387.81,386.19
1991-08-01 16:00:00,387.95,386.48
1991-08-02 16:00:00,389.56,386.05
1991-08-05 16:00:00,387.17,384.48
1991-08-06 16:00:00,390.8,384.29
1991-08-07 16:00:00,391.59,389.86
1991-08-08 16:00:00,391.8,388.15
1991-08-09 16:00:00,389.89,387.04
1991-08-12 16:00:00,388.17,385.9
1991-08-13 16:00:00,392.12,388.02
1991-08-14 16:00:00,391.85,389.13
1991-08-15 16:00:00,391.92,389.29
1991-08-16 16:00:00,390.41,383.16
1991-08-19 16:00:00,385.58,374.09
1991-08-20 16:00:00,380.35,376.47
1991-08-21 16:00:00,390.59,379.55
1991-08-22 16:00:00,391.98,390.21
1991-08-23 16:00:00,395.34,390.69
1991-08-26 16:00:00,394.39,392.75
1991-08-27 16:00:00,393.87,391.77
1991-08-28 16:00:00,396.64,393.05
1991-08-29 16:00:00,396.82,395.14
1991-08-30 16:00:00,396.47,393.6
1991-09-03 16:00:00,397.62,392.1
1991-09-04 16:00:00,392.62,388.68
1991-09-05 16:00:00,390.97,388.49
1991-09-06 16:00:00,390.71,387.36
1991-09-09 16:00:00,389.34,387.88
1991-09-10 16:00:00,388.63,383.78
1991-09-11 16:00:00,385.6,383.59
1991-09-12 16:00:00,387.34,385.09
1991-09-13 16:00:00,387.95,382.85
1991-09-16 16:00:00,385.79,382.77
1991-09-17 16:00:00,387.13,384.97
1991-09-18 16:00:00,386.94,384.28
1991-09-19 16:00:00,389.42,386.27
1991-09-20 16:00:00,388.82,386.49
1991-09-23 16:00:00,388.55,385.76
1991-09-24 16:00:00,388.13,384.46
1991-09-25 16:00:00,388.25,385.99
1991-09-26 16:00:00,388.39,385.3
1991-09-27 16:00:00,389.09,384.87
1991-09-30 16:00:00,388.29,384.32
1991-10-01 16:00:00,389.56,387.86
1991-10-02 16:00:00,390.03,387.62
1991-10-03 16:00:00,388.23,384.47
1991-10-04 16:00:00,385.19,381.24
1991-10-07 16:00:00,381.27,379.07
1991-10-08 16:00:00,381.23,379.18
1991-10-09 16:00:00,380.57,376.35
1991-10-10 16:00:00,380.55,376.11
1991-10-11 16:00:00,381.46,379.9
1991-10-14 16:00:00,386.47,381.45
1991-10-15 16:00:00,391.5,385.95
1991-10-16 16:00:00,393.29,390.14
1991-10-17 16:00:00,393.81,390.32
1991-10-18 16:00:00,392.8,391.77
1991-10-21 16:00:00,392.49,388.96
1991-10-22 16:00:00,391.2,387.4
1991-10-23 16:00:00,389.08,386.52
1991-10-24 16:00:00,388.32,383.45
1991-10-25 16:00:00,386.13,382.97
1991-10-28 16:00:00,389.52,384.2
1991-10-29 16:00:00,391.7,386.88
1991-10-30 16:00:00,393.11,390.78
1991-10-31 16:00:00,392.96,391.58
1991-11-01 16:00:00,395.1,389.67
1991-11-04 16:00:00,391.29,388.09
1991-11-05 16:00:00,392.17,388.19
1991-11-06 16:00:00,389.97,387.58
1991-11-07 16:00:00,393.72,389.97
1991-11-08 16:00:00,396.43,392.42
1991-11-11 16:00:00,393.57,392.32
1991-11-12 16:00:00,397.13,393.12
1991-11-13 16:00:00,397.42,394.01
1991-11-14 16:00:00,398.22,395.85
1991-11-15 16:00:00,397.16,382.62
1991-11-18 16:00:00,385.4,379.7
1991-11-19 16:00:00,385.24,374.9
1991-11-20 16:00:00,381.51,377.84
1991-11-21 16:00:00,381.12,377.41
1991-11-22 16:00:00,380.05,374.52
1991-11-25 16:00:00,377.07,374
1991-11-26 16:00:00,378.29,371.63
1991-11-27 16:00:00,378.11,375.98
1991-11-29 16:00:00,376.55,374.65
1991-12-02 16:00:00,381.4,371.36
1991-12-03 16:00:00,381.48,379.92
1991-12-04 16:00:00,381.51,378.07
1991-12-05 16:00:00,380.07,376.58
1991-12-06 16:00:00,382.39,375.41
1991-12-09 16:00:00,381.42,377.67
1991-12-10 16:00:00,379.57,376.64
1991-12-11 16:00:00,379.42,374.78
1991-12-12 16:00:00,381.62,377.7
1991-12-13 16:00:00,385.04,381.55
1991-12-16 16:00:00,385.84,384.37
1991-12-17 16:00:00,385.05,382.6
1991-12-18 16:00:00,383.51,380.88
1991-12-19 16:00:00,383.46,380.64
1991-12-20 16:00:00,388.24,382.52
1991-12-23 16:00:00,397.44,386.96
1991-12-24 16:00:00,401.79,396.82
1991-12-26 16:00:00,404.92,399.31
1991-12-27 16:00:00,406.58,404.59
1991-12-30 16:00:00,415.14,406.49
1991-12-31 16:00:00,418.32,412.73
1992-01-02 16:00:00,417.27,411.04
1992-01-03 16:00:00,419.79,416.16
1992-01-06 16:00:00,419.44,416.92
1992-01-07 16:00:00,417.96,415.2
1992-01-08 16:00:00,420.23,415.02
1992-01-09 16:00:00,420.5,415.85
1992-01-10 16:00:00,417.62,413.31
1992-01-13 16:00:00,415.36,413.54
1992-01-14 16:00:00,420.44,414.32
1992-01-15 16:00:00,421.18,418.79
1992-01-16 16:00:00,420.85,415.37
1992-01-17 16:00:00,419.45,416
1992-01-20 16:00:00,418.86,415.8
1992-01-21 16:00:00,416.39,411.32
1992-01-22 16:00:00,418.13,412.49
1992-01-23 16:00:00,419.78,414.36
1992-01-24 16:00:00,417.27,414.29
1992-01-27 16:00:00,416.84,414.48
1992-01-28 16:00:00,416.41,414.54
1992-01-29 16:00:00,417.83,409.17
1992-01-30 16:00:00,412.17,409.26
1992-01-31 16:00:00,412.63,408.64
1992-02-03 16:00:00,409.95,407.45
1992-02-04 16:00:00,413.85,409.28
1992-02-05 16:00:00,416.17,413.18
1992-02-06 16:00:00,414.55,411.93
1992-02-07 16:00:00,415.29,408.04
1992-02-10 16:00:00,413.77,411.07
1992-02-11 16:00:00,414.38,412.24
1992-02-12 16:00:00,418.08,413.36
1992-02-13 16:00:00,417.77,412.07
1992-02-14 16:00:00,413.84,411.2
1992-02-18 16:00:00,413.27,406.34
1992-02-19 16:00:00,408.7,406.54
1992-02-20 16:00:00,413.9,408.26
1992-02-21 16:00:00,414.26,409.72
1992-02-24 16:00:00,412.94,410.34
1992-02-25 16:00:00,412.27,408.02
1992-02-26 16:00:00,415.35,410.48
1992-02-27 16:00:00,415.99,413.47
1992-02-28 16:00:00,416.07,411.8
1992-03-02 16:00:00,413.74,411.52
1992-03-03 16:00:00,413.78,411.88
1992-03-04 16:00:00,413.27,409.33
1992-03-05 16:00:00,409.33,405.42
1992-03-06 16:00:00,407.51,403.65
1992-03-09 16:00:00,405.64,404.25
1992-03-10 16:00:00,409.16,405.21
1992-03-11 16:00:00,407.02,402.64
1992-03-12 16:00:00,404.72,401.94
1992-03-13 16:00:00,406.69,403.92
1992-03-16 16:00:00,406.4,403.55
1992-03-17 16:00:00,409.72,406.39
1992-03-18 16:00:00,410.84,408.23
1992-03-19 16:00:00,410.57,409.12
1992-03-20 16:00:00,411.3,408.53
1992-03-23 16:00:00,411.29,408.87
1992-03-24 16:00:00,411.43,407.99
1992-03-25 16:00:00,409.87,407.52
1992-03-26 16:00:00,409.44,406.75
1992-03-27 16:00:00,407.86,402.87
1992-03-30 16:00:00,404.3,402.97
1992-03-31 16:00:00,405.21,402.22
1992-04-01 16:00:00,404.5,400.75
1992-04-02 16:00:00,404.63,399.28
1992-04-03 16:00:00,401.59,398.21
1992-04-06 16:00:00,405.93,401.52
1992-04-07 16:00:00,405.75,397.97
1992-04-08 16:00:00,398.05,392.41
1992-04-09 16:00:00,401.04,394.5
1992-04-10 16:00:00,405.12,400.59
1992-04-13 16:00:00,406.08,403.9
1992-04-14 16:00:00,413.86,406.08
1992-04-15 16:00:00,416.28,412.39
1992-04-16 16:00:00,416.28,413.4
1992-04-20 16:00:00,416.05,407.93
1992-04-21 16:00:00,411.09,408.2
1992-04-22 16:00:00,411.3,409.23
1992-04-23 16:00:00,411.6,406.86
1992-04-24 16:00:00,412.48,408.74
1992-04-27 16:00:00,409.6,407.64
1992-04-28 16:00:00,409.69,406.33
1992-04-29 16:00:00,412.31,409.11
1992-04-30 16:00:00,414.95,412.02
1992-05-01 16:00:00,415.21,409.87
1992-05-04 16:00:00,417.84,412.54
1992-05-05 16:00:00,418.53,415.77
1992-05-06 16:00:00,418.48,416.4
1992-05-07 16:00:00,416.84,415.38
1992-05-08 16:00:00,416.85,414.41
1992-05-11 16:00:00,418.75,416.05
1992-05-12 16:00:00,418.68,414.69
1992-05-13 16:00:00,417.04,415.86
1992-05-14 16:00:00,416.52,411.82
1992-05-15 16:00:00,413.14,409.85
1992-05-18 16:00:00,413.34,410.13
1992-05-19 16:00:00,416.51,412.26
1992-05-20 16:00:00,416.83,415.37
1992-05-21 16:00:00,415.41,411.57
1992-05-22 16:00:00,414.82,412.6
1992-05-26 16:00:00,414.02,410.23
1992-05-27 16:00:00,412.68,411.06
1992-05-28 16:00:00,416.77,411.81
1992-05-29 16:00:00,418.36,415.35
1992-06-01 16:00:00,417.3,412.44
1992-06-02 16:00:00,417.3,413.5
1992-06-03 16:00:00,416.54,413.04
1992-06-04 16:00:00,414.98,412.97
1992-06-05 16:00:00,413.85,410.97
1992-06-08 16:00:00,413.95,412.03
1992-06-09 16:00:00,413.56,409.3
1992-06-10 16:00:00,410.1,406.81
1992-06-11 16:00:00,409.05,406.11
1992-06-12 16:00:00,411.86,409.08
1992-06-15 16:00:00,411.68,408.13
1992-06-16 16:00:00,411.4,408.32
1992-06-17 16:00:00,408.33,401.98
1992-06-18 16:00:00,402.68,400.51
1992-06-19 16:00:00,404.23,400.96
1992-06-22 16:00:00,403.64,399.92
1992-06-23 16:00:00,405.41,403.4
1992-06-24 16:00:00,404.76,403.26
1992-06-25 16:00:00,405.53,402.01
1992-06-26 16:00:00,403.51,401.94
1992-06-29 16:00:00,408.96,403.47
1992-06-30 16:00:00,409.63,407.85
1992-07-01 16:00:00,412.88,408.2
1992-07-02 16:00:00,415.71,410.07
1992-07-06 16:00:00,413.84,410.46
1992-07-07 16:00:00,415.33,408.58
1992-07-08 16:00:00,410.28,407.2
1992-07-09 16:00:00,414.69,410.26
1992-07-10 16:00:00,415.88,413.34
1992-07-13 16:00:00,415.86,413.93
1992-07-14 16:00:00,417.69,414.33
1992-07-15 16:00:00,417.81,416.29
1992-07-16 16:00:00,417.93,414.79
1992-07-17 16:00:00,417.54,412.96
1992-07-20 16:00:00,415.62,410.72
1992-07-21 16:00:00,414.92,413.1
1992-07-22 16:00:00,413.74,409.95
1992-07-23 16:00:00,412.08,409.81
1992-07-24 16:00:00,412.07,409.93
1992-07-27 16:00:00,412.67,411.27
1992-07-28 16:00:00,417.55,411.55
1992-07-29 16:00:00,423.02,417.52
1992-07-30 16:00:00,423.94,421.57
1992-07-31 16:00:00,424.8,422.46
1992-08-03 16:00:00,425.09,422.84
1992-08-04 16:00:00,425.14,423.1
1992-08-05 16:00:00,424.35,421.92
1992-08-06 16:00:00,422.36,420.26
1992-08-07 16:00:00,423.45,418.51
1992-08-10 16:00:00,419.42,417.04
1992-08-11 16:00:00,419.72,416.53
1992-08-12 16:00:00,419.75,416.43
1992-08-13 16:00:00,419.88,416.4
1992-08-14 16:00:00,420.4,417.74
1992-08-17 16:00:00,421.89,419.44
1992-08-18 16:00:00,421.4,419.78
1992-08-19 16:00:00,421.62,418.19
1992-08-20 16:00:00,418.85,416.93
1992-08-21 16:00:00,420.35,413.58
1992-08-24 16:00:00,414.8,410.07
1992-08-25 16:00:00,411.64,408.3
1992-08-26 16:00:00,413.61,410.53
1992-08-27 16:00:00,415.83,413.51
1992-08-28 16:00:00,414.95,413.38
1992-08-31 16:00:00,415.29,413.76
1992-09-01 16:00:00,416.07,413.35
1992-09-02 16:00:00,418.28,415.31
1992-09-03 16:00:00,420.31,417.49
1992-09-04 16:00:00,418.62,416.76
1992-09-08 16:00:00,417.18,414.3
1992-09-09 16:00:00,416.44,414.44
1992-09-10 16:00:00,420.52,416.34
1992-09-11 16:00:00,420.58,419.13
1992-09-14 16:00:00,425.27,419.65
1992-09-15 16:00:00,425.22,419.54
1992-09-16 16:00:00,422.44,417.77
1992-09-17 16:00:00,421.43,419.62
1992-09-18 16:00:00,422.93,419.92
1992-09-21 16:00:00,422.9,421.18
1992-09-22 16:00:00,422.14,417.13
1992-09-23 16:00:00,417.88,416
1992-09-24 16:00:00,419.01,417.46
1992-09-25 16:00:00,418.63,412.71
1992-09-28 16:00:00,416.62,413
1992-09-29 16:00:00,417.38,415.34
1992-09-30 16:00:00,418.58,416.67
1992-10-01 16:00:00,418.67,415.46
1992-10-02 16:00:00,416.35,410.45
1992-10-05 16:00:00,410.47,396.8
1992-10-06 16:00:00,408.56,404.84
1992-10-07 16:00:00,408.6,403.91
1992-10-08 16:00:00,408.04,404.29
1992-10-09 16:00:00,407.75,402.42
1992-10-12 16:00:00,407.44,402.66
1992-10-13 16:00:00,410.64,406.83
1992-10-14 16:00:00,411.52,407.86
1992-10-15 16:00:00,411.03,407.92
1992-10-16 16:00:00,411.73,407.43
1992-10-19 16:00:00,414.98,410.66
1992-10-20 16:00:00,417.98,414.49
1992-10-21 16:00:00,416.15,414.54
1992-10-22 16:00:00,416.81,413.1
1992-10-23 16:00:00,416.23,413.68
1992-10-26 16:00:00,418.17,413.71
1992-10-27 16:00:00,419.2,416.97
1992-10-28 16:00:00,420.13,417.56
1992-10-29 16:00:00,421.16,419.83
1992-10-30 16:00:00,421.13,418.54
1992-11-02 16:00:00,422.75,418.12
1992-11-03 16:00:00,422.81,418.59
1992-11-04 16:00:00,421.07,416.61
1992-11-05 16:00:00,418.4,415.58
1992-11-06 16:00:00,418.35,417.01
1992-11-09 16:00:00,420.13,416.79
1992-11-10 16:00:00,419.71,417.98
1992-11-11 16:00:00,422.33,418.4
1992-11-12 16:00:00,423.1,421.7
1992-11-13 16:00:00,422.91,421.04
1992-11-16 16:00:00,422.44,420.35
1992-11-17 16:00:00,420.97,418.31
1992-11-18 16:00:00,423.49,419.24
1992-11-19 16:00:00,423.61,422.5
1992-11-20 16:00:00,426.98,423.61
1992-11-23 16:00:00,426.65,424.95
1992-11-24 16:00:00,429.31,424.83
1992-11-25 16:00:00,429.41,427.58
1992-11-27 16:00:00,431.93,429.17
1992-11-30 16:00:00,431.53,429.36
1992-12-01 16:00:00,431.47,429.2
1992-12-02 16:00:00,430.87,428.61
1992-12-03 16:00:00,430.99,428.8
1992-12-04 16:00:00,432.89,429.74
1992-12-07 16:00:00,435.31,432.06
1992-12-08 16:00:00,436.99,434.68
1992-12-09 16:00:00,436.99,433.98
1992-12-10 16:00:00,435.66,432.65
1992-12-11 16:00:00,434.64,433.34
1992-12-14 16:00:00,435.26,432.83
1992-12-15 16:00:00,433.66,431.92
1992-12-16 16:00:00,434.22,430.88
1992-12-17 16:00:00,435.44,431.46
1992-12-18 16:00:00,441.29,435.46
1992-12-21 16:00:00,441.26,439.65
1992-12-22 16:00:00,441.64,438.25
1992-12-23 16:00:00,441.11,439.03
1992-12-24 16:00:00,439.81,439.03
1992-12-28 16:00:00,439.77,437.26
1992-12-29 16:00:00,442.65,437.6
1992-12-30 16:00:00,439.37,437.12
1992-12-31 16:00:00,439.59,435.71
1993-01-04 16:00:00,437.32,434.48
1993-01-05 16:00:00,435.4,433.55
1993-01-06 16:00:00,435.17,432.52
1993-01-07 16:00:00,435.46,429.76
1993-01-08 16:00:00,430.73,426.88
1993-01-11 16:00:00,431.04,429.01
1993-01-12 16:00:00,431.39,428.19
1993-01-13 16:00:00,433.44,429.99
1993-01-14 16:00:00,435.96,433.08
1993-01-15 16:00:00,439.49,435.84
1993-01-18 16:00:00,437.13,435.92
1993-01-19 16:00:00,437.7,434.59
1993-01-20 16:00:00,436.23,433.37
1993-01-21 16:00:00,435.75,432.48
1993-01-22 16:00:00,437.81,435.49
1993-01-25 16:00:00,440.53,436.11
1993-01-26 16:00:00,442.66,439.54
1993-01-27 16:00:00,440.04,436.82
1993-01-28 16:00:00,439.14,437.3
1993-01-29 16:00:00,438.93,436.91
1993-02-01 16:00:00,442.52,438.78
1993-02-02 16:00:00,442.87,440.76
1993-02-03 16:00:00,447.35,442.56
1993-02-04 16:00:00,449.86,447.2
1993-02-05 16:00:00,449.56,446.95
1993-02-08 16:00:00,450.04,447.7
1993-02-09 16:00:00,448.04,444.52
1993-02-10 16:00:00,446.37,444.24
1993-02-11 16:00:00,449.36,446.21
1993-02-12 16:00:00,447.7,444.58
1993-02-16 16:00:00,444.53,433.47
1993-02-17 16:00:00,433.97,430.92
1993-02-18 16:00:00,437.79,428.25
1993-02-19 16:00:00,434.26,431.68
1993-02-22 16:00:00,436.49,433.53
1993-02-23 16:00:00,436.84,432.41
1993-02-24 16:00:00,440.87,434.68
1993-02-25 16:00:00,442.34,439.67
1993-02-26 16:00:00,443.77,440.98
1993-03-01 16:00:00,444.18,441.34
1993-03-02 16:00:00,447.91,441.07
1993-03-03 16:00:00,450,447.73
1993-03-04 16:00:00,449.52,446.72
1993-03-05 16:00:00,449.59,445.56
1993-03-08 16:00:00,454.71,446.12
1993-03-09 16:00:00,455.52,453.68
1993-03-10 16:00:00,456.34,452.7
1993-03-11 16:00:00,456.76,453.48
1993-03-12 16:00:00,453.7,447.04
1993-03-15 16:00:00,451.43,449.4
1993-03-16 16:00:00,452.36,451.01
1993-03-17 16:00:00,451.36,447.99
1993-03-18 16:00:00,452.39,448.36
1993-03-19 16:00:00,453.32,449.91
1993-03-22 16:00:00,450.17,446.08
1993-03-23 16:00:00,449.8,448.3
1993-03-24 16:00:00,450.9,446.1
1993-03-25 16:00:00,451.75,447.93
1993-03-26 16:00:00,452.09,447.69
1993-03-29 16:00:00,452.81,447.75
1993-03-30 16:00:00,452.06,449.63
1993-03-31 16:00:00,454.88,451.67
1993-04-01 16:00:00,452.63,449.6
1993-04-02 16:00:00,450.28,440.71
1993-04-05 16:00:00,442.43,440.53
1993-04-06 16:00:00,443.38,439.48
1993-04-07 16:00:00,442.73,440.5
1993-04-08 16:00:00,443.77,440.02
1993-04-09 16:00:00,448.37,448.37
1993-04-12 16:00:00,448.37,441.84
1993-04-13 16:00:00,450.4,447.66
1993-04-14 16:00:00,450,448.02
1993-04-15 16:00:00,449.11,446.39
1993-04-16 16:00:00,449.39,447.67
1993-04-19 16:00:00,449.14,445.85
1993-04-20 16:00:00,447.46,441.81
1993-04-21 16:00:00,445.77,443.08
1993-04-22 16:00:00,445.73,439.46
1993-04-23 16:00:00,439.49,436.82
1993-04-26 16:00:00,438.35,432.3
1993-04-27 16:00:00,438.02,433.14
1993-04-28 16:00:00,438.8,436.68
1993-04-29 16:00:00,438.96,435.59
1993-04-30 16:00:00,442.29,438.89
1993-05-03 16:00:00,442.59,438.25
1993-05-04 16:00:00,445.19,442.45
1993-05-05 16:00:00,446.09,443.76
1993-05-06 16:00:00,444.81,442.9
1993-05-07 16:00:00,443.7,441.69
1993-05-10 16:00:00,445.42,442.05
1993-05-11 16:00:00,444.57,441.52
1993-05-12 16:00:00,445.16,442.87
1993-05-13 16:00:00,444.75,439.23
1993-05-14 16:00:00,439.82,438.1
1993-05-17 16:00:00,440.38,437.83
1993-05-18 16:00:00,441.26,437.95
1993-05-19 16:00:00,447.86,436.86
1993-05-20 16:00:00,450.59,447.36
1993-05-21 16:00:00,450.59,444.89
1993-05-24 16:00:00,448.44,445.26
1993-05-25 16:00:00,449.04,447.7
1993-05-26 16:00:00,453.51,448.82
1993-05-27 16:00:00,454.55,451.14
1993-05-28 16:00:00,452.41,447.67
1993-06-01 16:00:00,455.63,450.23
1993-06-02 16:00:00,454.53,452.68
1993-06-03 16:00:00,453.85,451.12
1993-06-04 16:00:00,452.43,448.92
1993-06-07 16:00:00,450.75,447.32
1993-06-08 16:00:00,447.65,444.31
1993-06-09 16:00:00,447.39,444.66
1993-06-10 16:00:00,446.22,444.09
1993-06-11 16:00:00,448.19,445.38
1993-06-14 16:00:00,448.64,447.23
1993-06-15 16:00:00,448.28,446.18
1993-06-16 16:00:00,447.43,443.61
1993-06-17 16:00:00,448.98,446.91
1993-06-18 16:00:00,448.59,443.68
1993-06-21 16:00:00,446.22,443.68
1993-06-22 16:00:00,446.29,444.94
1993-06-23 16:00:00,445.96,443.19
1993-06-24 16:00:00,447.21,442.5
1993-06-25 16:00:00,448.64,446.62
1993-06-28 16:00:00,451.9,447.6
1993-06-29 16:00:00,451.9,449.67
1993-06-30 16:00:00,451.47,450.15
1993-07-01 16:00:00,451.15,448.71
1993-07-02 16:00:00,449.02,445.2
1993-07-06 16:00:00,446.87,441.42
1993-07-07 16:00:00,443.63,441.4
1993-07-08 16:00:00,448.64,442.84
1993-07-09 16:00:00,448.94,446.74
1993-07-12 16:00:00,449.11,447.71
1993-07-13 16:00:00,450.7,448.07
1993-07-14 16:00:00,451.12,448.08
1993-07-15 16:00:00,450.12,447.26
1993-07-16 16:00:00,449.08,445.66
1993-07-19 16:00:00,446.78,444.83
1993-07-20 16:00:00,447.63,443.71
1993-07-21 16:00:00,447.5,445.84
1993-07-22 16:00:00,447.23,443.72
1993-07-23 16:00:00,447.1,444.54
1993-07-26 16:00:00,449.5,447.04
1993-07-27 16:00:00,449.44,446.76
1993-07-28 16:00:00,448.61,446.59
1993-07-29 16:00:00,450.77,447.19
1993-07-30 16:00:00,450.22,446.98
1993-08-02 16:00:00,450.15,448.03
1993-08-03 16:00:00,450.43,447.59
1993-08-04 16:00:00,449.72,447.93
1993-08-05 16:00:00,449.61,446.94
1993-08-06 16:00:00,449.26,447.87
1993-08-09 16:00:00,451.51,448.31
1993-08-10 16:00:00,450.71,449.1
1993-08-11 16:00:00,451,449.6
1993-08-12 16:00:00,451.63,447.53
1993-08-13 16:00:00,450.25,448.97
1993-08-16 16:00:00,453.41,450.25
1993-08-17 16:00:00,453.7,451.96
1993-08-18 16:00:00,456.99,453.21
1993-08-19 16:00:00,456.76,455.2
1993-08-20 16:00:00,456.68,454.6
1993-08-23 16:00:00,456.12,454.29
1993-08-24 16:00:00,459.77,455.04
1993-08-25 16:00:00,462.04,459.3
1993-08-26 16:00:00,462.87,458.82
1993-08-27 16:00:00,461.05,459.19
1993-08-30 16:00:00,462.58,460.28
1993-08-31 16:00:00,463.56,461.29
1993-09-01 16:00:00,463.8,461.77
1993-09-02 16:00:00,463.54,461.07
1993-09-03 16:00:00,462.05,459.91
1993-09-07 16:00:00,462.07,457.95
1993-09-08 16:00:00,458.53,453.75
1993-09-09 16:00:00,458.11,455.17
1993-09-10 16:00:00,461.86,457.49
1993-09-13 16:00:00,463.38,461.41
1993-09-14 16:00:00,461.93,458.15
1993-09-15 16:00:00,461.96,456.31
1993-09-16 16:00:00,461.54,459
1993-09-17 16:00:00,459.43,457.09
1993-09-20 16:00:00,459.91,455
1993-09-21 16:00:00,455.8,449.64
1993-09-22 16:00:00,456.92,452.94
1993-09-23 16:00:00,458.69,456.25
1993-09-24 16:00:00,458.56,456.92
1993-09-27 16:00:00,461.81,457.63
1993-09-28 16:00:00,462.08,460.91
1993-09-29 16:00:00,462.17,459.51
1993-09-30 16:00:00,460.56,458.28
1993-10-01 16:00:00,461.48,458.35
1993-10-04 16:00:00,461.8,460.02
1993-10-05 16:00:00,463.15,459.45
1993-10-06 16:00:00,462.6,460.26
1993-10-07 16:00:00,461.13,459.08
1993-10-08 16:00:00,460.99,456.4
1993-10-11 16:00:00,461.87,460.31
1993-10-12 16:00:00,462.47,460.73
1993-10-13 16:00:00,461.98,460.76
1993-10-14 16:00:00,466.83,461.55
1993-10-15 16:00:00,471.1,466.83
1993-10-18 16:00:00,470.04,468.02
1993-10-19 16:00:00,468.64,464.8
1993-10-20 16:00:00,466.87,464.54
1993-10-21 16:00:00,466.64,464.38
1993-10-22 16:00:00,467.82,463.27
1993-10-25 16:00:00,464.49,462.05
1993-10-26 16:00:00,464.32,462.65
1993-10-27 16:00:00,464.61,463.36
1993-10-28 16:00:00,468.76,464.52
1993-10-29 16:00:00,468.2,467.37
1993-11-01 16:00:00,469.11,467.33
1993-11-02 16:00:00,469.1,466.2
1993-11-03 16:00:00,468.61,460.95
1993-11-04 16:00:00,463.16,457.26
1993-11-05 16:00:00,459.63,454.36
1993-11-08 16:00:00,461.54,458.78
1993-11-09 16:00:00,463.42,460.21
1993-11-10 16:00:00,463.72,459.57
1993-11-11 16:00:00,464.96,462.49
1993-11-12 16:00:00,465.84,462.64
1993-11-15 16:00:00,466.13,463.01
1993-11-16 16:00:00,466.74,462.97
1993-11-17 16:00:00,467.24,462.73
1993-11-18 16:00:00,464.88,461.73
1993-11-19 16:00:00,463.6,460.03
1993-11-22 16:00:00,462.6,457.08
1993-11-23 16:00:00,461.77,458.47
1993-11-24 16:00:00,462.9,461.03
1993-11-26 16:00:00,463.63,462.36
1993-11-29 16:00:00,464.83,461.83
1993-11-30 16:00:00,463.62,460.45
1993-12-01 16:00:00,464.47,461.63
1993-12-02 16:00:00,463.22,461.45
1993-12-03 16:00:00,464.89,462.67
1993-12-06 16:00:00,466.89,464.4
1993-12-07 16:00:00,466.77,465.44
1993-12-08 16:00:00,466.73,465.42
1993-12-09 16:00:00,466.54,463.87
1993-12-10 16:00:00,464.87,462.66
1993-12-13 16:00:00,465.71,462.71
1993-12-14 16:00:00,466.12,462.46
1993-12-15 16:00:00,463.69,461.84
1993-12-16 16:00:00,463.98,461.86
1993-12-17 16:00:00,466.38,463.34
1993-12-20 16:00:00,466.9,465.53
1993-12-21 16:00:00,465.92,464.03
1993-12-22 16:00:00,467.38,465.08
1993-12-23 16:00:00,468.97,467.3
1993-12-27 16:00:00,470.55,467.35
1993-12-28 16:00:00,471.05,469.43
1993-12-29 16:00:00,471.29,469.87
1993-12-30 16:00:00,470.58,468.09
1993-12-31 16:00:00,470.75,466.45
1994-01-03 16:00:00,466.94,464.36
1994-01-04 16:00:00,466.89,464.44
1994-01-05 16:00:00,467.82,465.92
1994-01-06 16:00:00,469,467.02
1994-01-07 16:00:00,470.26,467.03
1994-01-10 16:00:00,475.27,469.55
1994-01-11 16:00:00,475.28,473.27
1994-01-12 16:00:00,475.06,472.14
1994-01-13 16:00:00,474.17,471.8
1994-01-14 16:00:00,475.32,472.5
1994-01-17 16:00:00,474.91,472.84
1994-01-18 16:00:00,475.19,473.29
1994-01-19 16:00:00,474.7,472.21
1994-01-20 16:00:00,475,473.42
1994-01-21 16:00:00,475.56,473.72
1994-01-24 16:00:00,475.2,471.49
1994-01-25 16:00:00,472.56,470.27
1994-01-26 16:00:00,473.44,470.72
1994-01-27 16:00:00,477.52,473.2
1994-01-28 16:00:00,479.75,477.05
1994-01-31 16:00:00,482.85,478.7
1994-02-01 16:00:00,481.64,479.18
1994-02-02 16:00:00,482.23,479.57
1994-02-03 16:00:00,481.96,478.71
1994-02-04 16:00:00,481.02,469.28
1994-02-07 16:00:00,472.09,467.57
1994-02-08 16:00:00,472.33,469.5
1994-02-09 16:00:00,473.41,471.05
1994-02-10 16:00:00,473.13,468.91
1994-02-11 16:00:00,471.13,466.89
1994-02-14 16:00:00,471.99,469.05
1994-02-15 16:00:00,473.41,470.23
1994-02-16 16:00:00,474.16,471.94
1994-02-17 16:00:00,475.12,468.44
1994-02-18 16:00:00,471.09,466.07
1994-02-21 16:00:00,467.69,467.69
1994-02-22 16:00:00,471.65,467.58
1994-02-23 16:00:00,472.41,469.47
1994-02-24 16:00:00,470.65,464.26
1994-02-25 16:00:00,466.48,464.33
1994-02-28 16:00:00,469.16,466.07
1994-03-01 16:00:00,467.43,462.02
1994-03-02 16:00:00,464.87,457.49
1994-03-03 16:00:00,464.83,462.5
1994-03-04 16:00:00,466.16,462.41
1994-03-07 16:00:00,468.07,464.74
1994-03-08 16:00:00,467.79,465.02
1994-03-09 16:00:00,467.42,463.4
1994-03-10 16:00:00,467.29,462.46
1994-03-11 16:00:00,466.61,462.54
1994-03-14 16:00:00,467.6,466.08
1994-03-15 16:00:00,468.99,466.04
1994-03-16 16:00:00,469.85,465.48
1994-03-17 16:00:00,471.05,468.62
1994-03-18 16:00:00,471.09,467.83
1994-03-21 16:00:00,471.06,467.23
1994-03-22 16:00:00,470.47,467.88
1994-03-23 16:00:00,470.38,468.52
1994-03-24 16:00:00,468.57,462.41
1994-03-25 16:00:00,465.29,460.58
1994-03-28 16:00:00,461.12,456.1
1994-03-29 16:00:00,460.32,452.43
1994-03-30 16:00:00,452.49,445.55
1994-03-31 16:00:00,447.16,436.16
1994-04-04 16:00:00,445.66,435.86
1994-04-05 16:00:00,448.29,439.14
1994-04-06 16:00:00,449.63,444.98
1994-04-07 16:00:00,451.1,446.38
1994-04-08 16:00:00,450.89,445.51
1994-04-11 16:00:00,450.34,447.1
1994-04-12 16:00:00,450.8,447.33
1994-04-13 16:00:00,448.57,442.62
1994-04-14 16:00:00,447.55,443.57
1994-04-15 16:00:00,447.85,445.81
1994-04-18 16:00:00,447.87,441.48
1994-04-19 16:00:00,444.82,438.83
1994-04-20 16:00:00,445.01,439.4
1994-04-21 16:00:00,449.14,441.96
1994-04-22 16:00:00,449.96,447.16
1994-04-25 16:00:00,452.71,447.58
1994-04-26 16:00:00,452.79,450.66
1994-04-27 16:00:00,451.87,451.87
1994-04-28 16:00:00,452.23,447.97
1994-04-29 16:00:00,451.35,447.91
1994-05-02 16:00:00,453.57,449.05
1994-05-03 16:00:00,453.98,450.51
1994-05-04 16:00:00,453.11,449.87
1994-05-05 16:00:00,452.82,450.72
1994-05-06 16:00:00,451.37,445.64
1994-05-09 16:00:00,447.82,441.84
1994-05-10 16:00:00,446.84,442.37
1994-05-11 16:00:00,446.03,440.78
1994-05-12 16:00:00,444.8,441.5
1994-05-13 16:00:00,444.72,441.21
1994-05-16 16:00:00,445.82,443.62
1994-05-17 16:00:00,449.37,443.7
1994-05-18 16:00:00,454.45,448.87
1994-05-19 16:00:00,456.88,453
1994-05-20 16:00:00,456.48,454.22
1994-05-23 16:00:00,454.92,451.79
1994-05-24 16:00:00,456.77,453.21
1994-05-25 16:00:00,456.34,452.2
1994-05-26 16:00:00,457.77,455.79
1994-05-27 16:00:00,457.33,454.67
1994-05-31 16:00:00,457.61,455.16
1994-06-01 16:00:00,458.29,453.99
1994-06-02 16:00:00,458.5,457.26
1994-06-03 16:00:00,460.86,456.27
1994-06-06 16:00:00,461.87,458.85
1994-06-07 16:00:00,459.46,457.65
1994-06-08 16:00:00,459.74,455.43
1994-06-09 16:00:00,457.87,455.86
1994-06-10 16:00:00,459.48,457.36
1994-06-13 16:00:00,459.36,457.18
1994-06-14 16:00:00,462.52,459.1
1994-06-15 16:00:00,463.23,459.95
1994-06-16 16:00:00,461.93,459.8
1994-06-17 16:00:00,462.16,458.44
1994-06-20 16:00:00,458.45,454.46
1994-06-21 16:00:00,455.48,449.45
1994-06-22 16:00:00,453.91,451.4
1994-06-23 16:00:00,454.16,449.43
1994-06-24 16:00:00,449.63,442.51
1994-06-27 16:00:00,447.76,439.83
1994-06-28 16:00:00,448.47,443.08
1994-06-29 16:00:00,449.83,446.04
1994-06-30 16:00:00,448.61,443.66
1994-07-01 16:00:00,446.45,443.58
1994-07-04 16:00:00,446.2,446.2
1994-07-05 16:00:00,447.62,445.14
1994-07-06 16:00:00,447.28,444.18
1994-07-07 16:00:00,448.64,446.15
1994-07-08 16:00:00,449.75,446.53
1994-07-11 16:00:00,450.24,445.27
1994-07-12 16:00:00,448.16,444.65
1994-07-13 16:00:00,450.06,447.97
1994-07-14 16:00:00,454.33,448.73
1994-07-15 16:00:00,454.33,452.8
1994-07-18 16:00:00,455.71,453.26
1994-07-19 16:00:00,455.3,453.86
1994-07-20 16:00:00,454.16,450.69
1994-07-21 16:00:00,453.22,451
1994-07-22 16:00:00,454.03,452.33
1994-07-25 16:00:00,454.32,452.76
1994-07-26 16:00:00,454.25,452.78
1994-07-27 16:00:00,453.38,451.36
1994-07-28 16:00:00,454.93,452.3
1994-07-29 16:00:00,459.33,454.25
1994-08-01 16:00:00,461.01,458.08
1994-08-02 16:00:00,462.77,459.7
1994-08-03 16:00:00,461.46,459.51
1994-08-04 16:00:00,461.49,458.4
1994-08-05 16:00:00,458.34,456.08
1994-08-08 16:00:00,458.3,457.01
1994-08-09 16:00:00,458.16,456.66
1994-08-10 16:00:00,460.48,457.98
1994-08-11 16:00:00,461.41,456.88
1994-08-12 16:00:00,462.27,458.88
1994-08-15 16:00:00,463.34,461.21
1994-08-16 16:00:00,465.2,459.89
1994-08-17 16:00:00,465.91,464.57
1994-08-18 16:00:00,465.1,462.3
1994-08-19 16:00:00,464.37,461.81
1994-08-22 16:00:00,463.61,461.46
1994-08-23 16:00:00,466.58,462.39
1994-08-24 16:00:00,469.05,464.51
1994-08-25 16:00:00,470.12,467.64
1994-08-26 16:00:00,474.65,468.08
1994-08-29 16:00:00,477.14,473.89
1994-08-30 16:00:00,476.61,473.56
1994-08-31 16:00:00,477.59,474.43
1994-09-01 16:00:00,475.49,471.74
1994-09-02 16:00:00,474.89,470.67
1994-09-05 16:00:00,470.99,470.99
1994-09-06 16:00:00,471.92,469.64
1994-09-07 16:00:00,472.41,470.2
1994-09-08 16:00:00,473.4,470.86
1994-09-09 16:00:00,473.13,466.55
1994-09-12 16:00:00,468.42,466.15
1994-09-13 16:00:00,468.76,466.27
1994-09-14 16:00:00,468.86,466.82
1994-09-15 16:00:00,474.81,468.79
1994-09-16 16:00:00,474.81,470.06
1994-09-19 16:00:00,473.15,470.68
1994-09-20 16:00:00,470.83,463.36
1994-09-21 16:00:00,464.01,458.47
1994-09-22 16:00:00,463.22,460.96
1994-09-23 16:00:00,462.14,459.01
1994-09-26 16:00:00,460.87,459.31
1994-09-27 16:00:00,462.75,459.83
1994-09-28 16:00:00,465.55,462.1
1994-09-29 16:00:00,464.84,461.51
1994-09-30 16:00:00,465.3,461.91
1994-10-03 16:00:00,463.31,460.33
1994-10-04 16:00:00,462.46,454.03
1994-10-05 16:00:00,454.59,449.27
1994-10-06 16:00:00,454.49,452.13
1994-10-07 16:00:00,455.67,452.13
1994-10-10 16:00:00,459.29,455.12
1994-10-11 16:00:00,466.34,459.04
1994-10-12 16:00:00,466.7,464.79
1994-10-13 16:00:00,471.3,465.56
1994-10-14 16:00:00,469.53,466.11
1994-10-17 16:00:00,469.88,468.16
1994-10-18 16:00:00,469.19,466.54
1994-10-19 16:00:00,471.43,465.96
1994-10-20 16:00:00,470.37,465.39
1994-10-21 16:00:00,466.69,463.83
1994-10-24 16:00:00,466.37,460.8
1994-10-25 16:00:00,461.95,458.26
1994-10-26 16:00:00,463.77,461.22
1994-10-27 16:00:00,465.85,462.62
1994-10-28 16:00:00,473.78,465.8
1994-10-31 16:00:00,474.74,472.33
1994-11-01 16:00:00,472.26,467.64
1994-11-02 16:00:00,470.92,466.36
1994-11-03 16:00:00,468.64,466.4
1994-11-04 16:00:00,469.28,462.28
1994-11-07 16:00:00,463.56,461.25
1994-11-08 16:00:00,467.54,463.07
1994-11-09 16:00:00,469.95,463.46
1994-11-10 16:00:00,467.79,463.73
1994-11-11 16:00:00,464.17,461.45
1994-11-14 16:00:00,466.29,462.35
1994-11-15 16:00:00,468.51,462.95
1994-11-16 16:00:00,466.25,464.28
1994-11-17 16:00:00,465.83,461.47
1994-11-18 16:00:00,463.84,460.25
1994-11-21 16:00:00,463.41,457.55
1994-11-22 16:00:00,458.03,450.08
1994-11-23 16:00:00,450.61,444.18
1994-11-24 16:00:00,449.93,449.93
1994-11-25 16:00:00,452.87,449.94
1994-11-28 16:00:00,454.19,451.04
1994-11-29 16:00:00,455.17,452.14
1994-11-30 16:00:00,457.13,453.27
1994-12-01 16:00:00,453.91,447.97
1994-12-02 16:00:00,453.31,448
1994-12-05 16:00:00,455.04,452.06
1994-12-06 16:00:00,453.93,450.35
1994-12-07 16:00:00,453.11,450.01
1994-12-08 16:00:00,452.06,444.59
1994-12-09 16:00:00,446.98,442.88
1994-12-12 16:00:00,449.48,445.62
1994-12-13 16:00:00,451.69,449.43
1994-12-14 16:00:00,456.16,450.05
1994-12-15 16:00:00,456.84,454.5
1994-12-16 16:00:00,458.8,455.35
1994-12-19 16:00:00,458.78,456.64
1994-12-20 16:00:00,458.45,456.37
1994-12-21 16:00:00,461.7,457.17
1994-12-22 16:00:00,461.21,459.33
1994-12-23 16:00:00,461.32,459.39
1994-12-27 16:00:00,462.73,459.85
1994-12-28 16:00:00,462.49,459
1994-12-29 16:00:00,461.81,460.36
1994-12-30 16:00:00,462.12,459.24
1995-01-03 16:00:00,459.27,457.2
1995-01-04 16:00:00,460.72,457.56
1995-01-05 16:00:00,461.3,459.75
1995-01-06 16:00:00,462.49,459.47
1995-01-09 16:00:00,461.77,459.74
1995-01-10 16:00:00,464.59,460.9
1995-01-11 16:00:00,463.61,458.65
1995-01-12 16:00:00,461.93,460.63
1995-01-13 16:00:00,466.43,461.64
1995-01-16 16:00:00,470.39,465.97
1995-01-17 16:00:00,470.15,468.19
1995-01-18 16:00:00,470.43,468.03
1995-01-19 16:00:00,469.72,466.4
1995-01-20 16:00:00,466.99,463.99
1995-01-23 16:00:00,466.23,461.14
1995-01-24 16:00:00,466.88,465.47
1995-01-25 16:00:00,469.51,464.4
1995-01-26 16:00:00,468.62,466.9
1995-01-27 16:00:00,471.36,468.32
1995-01-30 16:00:00,470.52,467.49
1995-01-31 16:00:00,471.03,468.18
1995-02-01 16:00:00,472.75,469.29
1995-02-02 16:00:00,472.79,469.95
1995-02-03 16:00:00,479.91,472.78
1995-02-06 16:00:00,481.95,478.36
1995-02-07 16:00:00,481.32,479.69
1995-02-08 16:00:00,482.6,480.4
1995-02-09 16:00:00,482,479.91
1995-02-10 16:00:00,481.96,479.53
1995-02-13 16:00:00,482.86,481.07
1995-02-14 16:00:00,482.94,480.89
1995-02-15 16:00:00,485.54,481.77
1995-02-16 16:00:00,485.22,483.05
1995-02-17 16:00:00,485.22,481.97
1995-02-21 16:00:00,483.26,481.94
1995-02-22 16:00:00,486.15,482.45
1995-02-23 16:00:00,489.19,485.07
1995-02-24 16:00:00,488.28,485.7
1995-02-27 16:00:00,488.26,483.18
1995-02-28 16:00:00,487.44,483.77
1995-03-01 16:00:00,487.83,484.92
1995-03-02 16:00:00,485.71,483.19
1995-03-03 16:00:00,485.42,483.07
1995-03-06 16:00:00,485.7,481.52
1995-03-07 16:00:00,485.63,479.7
1995-03-08 16:00:00,484.08,481.57
1995-03-09 16:00:00,483.74,482.05
1995-03-10 16:00:00,490.37,483.16
1995-03-13 16:00:00,491.28,489.35
1995-03-14 16:00:00,493.69,490.05
1995-03-15 16:00:00,492.89,490.83
1995-03-16 16:00:00,495.74,491.78
1995-03-17 16:00:00,496.67,494.95
1995-03-20 16:00:00,496.61,495.27
1995-03-21 16:00:00,499.19,494.04
1995-03-22 16:00:00,495.67,493.67
1995-03-23 16:00:00,496.77,494.19
1995-03-24 16:00:00,500.97,496.07
1995-03-27 16:00:00,503.2,500.93
1995-03-28 16:00:00,503.91,501.83
1995-03-29 16:00:00,508.15,500.96
1995-03-30 16:00:00,504.66,501
1995-03-31 16:00:00,502.22,495.7
1995-04-03 16:00:00,501.91,500.2
1995-04-04 16:00:00,505.26,501.85
1995-04-05 16:00:00,505.57,503.17
1995-04-06 16:00:00,507.1,505
1995-04-07 16:00:00,507.19,503.59
1995-04-10 16:00:00,507.01,504.61
1995-04-11 16:00:00,508.85,505.29
1995-04-12 16:00:00,507.17,505.07
1995-04-13 16:00:00,509.83,507.19
1995-04-14 16:00:00,509.23,509.23
1995-04-17 16:00:00,512.03,505.43
1995-04-18 16:00:00,507.65,504.12
1995-04-19 16:00:00,505.89,501.19
1995-04-20 16:00:00,506.5,503.44
1995-04-21 16:00:00,508.49,505.31
1995-04-24 16:00:00,513.02,507.44
1995-04-25 16:00:00,513.54,511.32
1995-04-26 16:00:00,513.04,510.47
1995-04-27 16:00:00,513.62,511.63
1995-04-28 16:00:00,515.29,510.9
1995-05-01 16:00:00,515.6,513.42
1995-05-02 16:00:00,515.18,513.03
1995-05-03 16:00:00,520.54,514.86
1995-05-04 16:00:00,525.4,519.45
1995-05-05 16:00:00,522.35,518.28
1995-05-08 16:00:00,525.15,519.14
1995-05-09 16:00:00,525.99,521.79
1995-05-10 16:00:00,524.4,521.53
1995-05-11 16:00:00,524.89,522.7
1995-05-12 16:00:00,527.05,523.3
1995-05-15 16:00:00,527.74,525
1995-05-16 16:00:00,529.08,526.45
1995-05-17 16:00:00,528.42,525.38
1995-05-18 16:00:00,527.07,519.58
1995-05-19 16:00:00,519.58,517.07
1995-05-22 16:00:00,524.34,519.2
1995-05-23 16:00:00,528.59,523.65
1995-05-24 16:00:00,531.91,525.57
1995-05-25 16:00:00,529.04,524.89
1995-05-26 16:00:00,528.58,522.51
1995-05-29 16:00:00,523.65,523.65
1995-05-30 16:00:00,525.58,521.39
1995-05-31 16:00:00,533.41,522.17
1995-06-01 16:00:00,534.21,530.05
1995-06-02 16:00:00,536.91,529.55
1995-06-05 16:00:00,537.73,532.47
1995-06-06 16:00:00,537.09,535.14
1995-06-07 16:00:00,535.54,531.66
1995-06-08 16:00:00,533.56,531.65
1995-06-09 16:00:00,532.35,526
1995-06-12 16:00:00,532.54,527.94
1995-06-13 16:00:00,536.23,531
1995-06-14 16:00:00,536.48,533.83
1995-06-15 16:00:00,539.07,535.56
1995-06-16 16:00:00,539.98,537.24
1995-06-19 16:00:00,545.22,539.86
1995-06-20 16:00:00,545.44,543.43
1995-06-21 16:00:00,545.93,543.9
1995-06-22 16:00:00,551.07,544.04
1995-06-23 16:00:00,551.04,548.23
1995-06-26 16:00:00,549.79,544.06
1995-06-27 16:00:00,547.07,542.19
1995-06-28 16:00:00,546.33,540.72
1995-06-29 16:00:00,546.25,540.79
1995-06-30 16:00:00,546.82,543.51
1995-07-03 16:00:00,547.1,543.87
1995-07-04 16:00:00,544.75,544.75
1995-07-05 16:00:00,549.98,546.28
1995-07-06 16:00:00,553.99,546.59
1995-07-07 16:00:00,556.57,553.05
1995-07-10 16:00:00,558.48,555.77
1995-07-11 16:00:00,557.17,553.8
1995-07-12 16:00:00,561.56,554.27
1995-07-13 16:00:00,562,559.07
1995-07-14 16:00:00,561,556.41
1995-07-17 16:00:00,562.94,559.45
1995-07-18 16:00:00,562.6,556.86
1995-07-19 16:00:00,558.46,542.51
1995-07-20 16:00:00,554.43,549.1
1995-07-21 16:00:00,554.73,550.91
1995-07-24 16:00:00,557.21,553.67
1995-07-25 16:00:00,561.75,556.34
1995-07-26 16:00:00,563.78,560.85
1995-07-27 16:00:00,565.29,561.61
1995-07-28 16:00:00,565.4,562.04
1995-07-31 16:00:00,563.49,560.06
1995-08-01 16:00:00,562.11,556.67
1995-08-02 16:00:00,565.62,557.87
1995-08-03 16:00:00,558.8,554.1
1995-08-04 16:00:00,559.57,557.91
1995-08-07 16:00:00,561.24,558.94
1995-08-08 16:00:00,561.52,558.31
1995-08-09 16:00:00,561.59,559.29
1995-08-10 16:00:00,560.63,556.05
1995-08-11 16:00:00,558.5,553.04
1995-08-14 16:00:00,559.74,554.76
1995-08-15 16:00:00,559.98,555.22
1995-08-16 16:00:00,559.98,557.37
1995-08-17 16:00:00,559.97,557.42
1995-08-18 16:00:00,561.24,558.34
1995-08-21 16:00:00,563.34,557.89
1995-08-22 16:00:00,559.52,555.87
1995-08-23 16:00:00,560,557.08
1995-08-24 16:00:00,558.63,555.2
1995-08-25 16:00:00,561.31,557.54
1995-08-28 16:00:00,562.22,557.99
1995-08-29 16:00:00,560.01,555.71
1995-08-30 16:00:00,561.52,559.5
1995-08-31 16:00:00,562.36,560.49
1995-09-01 16:00:00,564.62,561.01
1995-09-05 16:00:00,569.2,563.84
1995-09-06 16:00:00,570.53,569
1995-09-07 16:00:00,571.11,569.23
1995-09-08 16:00:00,572.68,569.27
1995-09-11 16:00:00,575.15,572.68
1995-09-12 16:00:00,576.51,573.11
1995-09-13 16:00:00,579.72,575.47
1995-09-14 16:00:00,583.99,578.77
1995-09-15 16:00:00,585.07,581.79
1995-09-18 16:00:00,583.37,579.36
1995-09-19 16:00:00,584.24,580.75
1995-09-20 16:00:00,586.77,584.18
1995-09-21 16:00:00,586.79,580.91
1995-09-22 16:00:00,583,578.25
1995-09-25 16:00:00,582.14,579.5
1995-09-26 16:00:00,584.66,580.65
1995-09-27 16:00:00,581.42,574.68
1995-09-28 16:00:00,585.87,580.7
1995-09-29 16:00:00,587.61,584
1995-10-02 16:00:00,585.05,580.54
1995-10-03 16:00:00,582.34,578.48
1995-10-04 16:00:00,582.24,579.91
1995-10-05 16:00:00,582.63,579.58
1995-10-06 16:00:00,584.5,582.11
1995-10-09 16:00:00,582.1,576.35
1995-10-10 16:00:00,586.03,571.55
1995-10-11 16:00:00,579.52,577.08
1995-10-12 16:00:00,583.12,579.53
1995-10-13 16:00:00,587.39,583.1
1995-10-16 16:00:00,584.86,582.63
1995-10-17 16:00:00,586.78,581.9
1995-10-18 16:00:00,589.76,586.28
1995-10-19 16:00:00,590.66,586.34
1995-10-20 16:00:00,590.66,586.78
1995-10-23 16:00:00,587.46,583.73
1995-10-24 16:00:00,587.31,584.75
1995-10-25 16:00:00,587.19,581.41
1995-10-26 16:00:00,582.63,572.52
1995-10-27 16:00:00,579.71,573.21
1995-10-30 16:00:00,583.79,579.87
1995-10-31 16:00:00,586.71,581.49
1995-11-01 16:00:00,584.24,581.04
1995-11-02 16:00:00,589.72,584.22
1995-11-03 16:00:00,590.57,588.65
1995-11-06 16:00:00,590.64,588.31
1995-11-07 16:00:00,588.39,584.24
1995-11-08 16:00:00,591.71,586.32
1995-11-09 16:00:00,593.9,590.89
1995-11-10 16:00:00,593.25,590.39
1995-11-13 16:00:00,593.71,590.58
1995-11-14 16:00:00,592.29,588.98
1995-11-15 16:00:00,593.97,588.36
1995-11-16 16:00:00,597.91,593.52
1995-11-17 16:00:00,600.14,597.3
1995-11-20 16:00:00,600.4,596.17
1995-11-21 16:00:00,600.27,595.42
1995-11-22 16:00:00,600.71,598.4
1995-11-24 16:00:00,600.24,598.4
1995-11-27 16:00:00,603.35,600.19
1995-11-28 16:00:00,606.45,599.02
1995-11-29 16:00:00,607.64,599.02
1995-11-30 16:00:00,608.69,605.37
1995-12-01 16:00:00,613.83,606.84
1995-12-04 16:00:00,613.83,606.84
1995-12-05 16:00:00,618.48,613.14
1995-12-06 16:00:00,621.11,616.69
1995-12-07 16:00:00,620.19,615.21
1995-12-08 16:00:00,617.82,614.32
1995-12-11 16:00:00,619.55,617.71
1995-12-12 16:00:00,619.55,617.71
1995-12-13 16:00:00,622.04,618.27
1995-12-14 16:00:00,622.88,616.13
1995-12-15 16:00:00,617.7,614.44
1995-12-18 16:00:00,616.32,606.13
1995-12-19 16:00:00,611.94,605.05
1995-12-20 16:00:00,610.52,605.94
1995-12-21 16:00:00,610.52,606.08
1995-12-22 16:00:00,614.42,611.96
1995-12-26 16:00:00,614.5,611.97
1995-12-27 16:00:00,615.73,613.75
1995-12-28 16:00:00,615.5,612.4
1995-12-29 16:00:00,615.93,612.36
1996-01-02 16:00:00,620.74,613.17
1996-01-03 16:00:00,623.25,619.56
1996-01-04 16:00:00,624.52,613.96
1996-01-05 16:00:00,617.7,612.02
1996-01-08 16:00:00,618.46,616.49
1996-01-09 16:00:00,618.46,609.45
1996-01-10 16:00:00,619.15,598.48
1996-01-11 16:00:00,602.71,597.54
1996-01-12 16:00:00,604.8,597.46
1996-01-15 16:00:00,603.43,598.47
1996-01-16 16:00:00,608.44,599.05
1996-01-17 16:00:00,609.93,604.7
1996-01-18 16:00:00,608.27,604.12
1996-01-19 16:00:00,612.92,606.76
1996-01-22 16:00:00,613.45,610.95
1996-01-23 16:00:00,613.4,610.65
1996-01-24 16:00:00,619.96,612.79
1996-01-25 16:00:00,620.15,616.62
1996-01-26 16:00:00,621.7,615.26
1996-01-29 16:00:00,624.22,621.42
1996-01-30 16:00:00,630.29,624.22
1996-01-31 16:00:00,636.18,629.48
1996-02-01 16:00:00,638.46,634.54
1996-02-02 16:00:00,641.43,633.71
1996-02-05 16:00:00,646.67,639.7
1996-02-06 16:00:00,646.67,639.7
1996-02-07 16:00:00,649.93,645.59
1996-02-08 16:00:00,656.54,647.97
1996-02-09 16:00:00,661.08,653.64
1996-02-12 16:00:00,662.95,656.34
1996-02-13 16:00:00,664.19,657.92
1996-02-14 16:00:00,661.53,654.37
1996-02-15 16:00:00,656.84,651.11
1996-02-16 16:00:00,651.42,646.99
1996-02-20 16:00:00,647.98,638.79
1996-02-21 16:00:00,648.11,640.65
1996-02-22 16:00:00,659.75,648.1
1996-02-23 16:00:00,659.08,652.29
1996-02-26 16:00:00,659.08,650.16
1996-02-27 16:00:00,650.62,643.87
1996-02-28 16:00:00,654.39,643.99
1996-02-29 16:00:00,646.95,639.01
1996-03-01 16:00:00,644.38,635
1996-03-04 16:00:00,653.54,644.37
1996-03-05 16:00:00,655.8,648.77
1996-03-06 16:00:00,656.97,651.61
1996-03-07 16:00:00,653.65,649.54
1996-03-08 16:00:00,635.61,629.95
1996-03-11 16:00:00,640.41,629.95
1996-03-12 16:00:00,639.98,628.82
1996-03-13 16:00:00,640.52,635.19
1996-03-14 16:00:00,644.17,638.58
1996-03-15 16:00:00,642.87,638.35
1996-03-18 16:00:00,652.65,641.43
1996-03-19 16:00:00,656.18,649.8
1996-03-20 16:00:00,653.13,645.57
1996-03-21 16:00:00,651.54,648.1
1996-03-22 16:00:00,652.08,649.19
1996-03-25 16:00:00,655.5,648.82
1996-03-26 16:00:00,654.31,648.15
1996-03-27 16:00:00,653.94,647.6
1996-03-28 16:00:00,649.58,646.36
1996-03-29 16:00:00,653.73,644.89
1996-04-01 16:00:00,653.34,645.5
1996-04-02 16:00:00,654.85,652.81
1996-04-03 16:00:00,655.89,651.81
1996-04-04 16:00:00,656.68,654.89
1996-04-08 16:00:00,655.86,638.54
1996-04-09 16:00:00,646.33,640.84
1996-04-10 16:00:00,642.78,631.76
1996-04-11 16:00:00,635.18,624.14
1996-04-12 16:00:00,637.14,631.19
1996-04-15 16:00:00,642.49,636.71
1996-04-16 16:00:00,645.57,642.15
1996-04-17 16:00:00,645,638.71
1996-04-18 16:00:00,644.66,640.76
1996-04-19 16:00:00,647.32,643.61
1996-04-22 16:00:00,650.91,645.24
1996-04-23 16:00:00,651.59,647.7
1996-04-24 16:00:00,653.37,648.25
1996-04-25 16:00:00,654.18,647.06
1996-04-26 16:00:00,656.43,651.96
1996-04-29 16:00:00,654.71,651.6
1996-04-30 16:00:00,654.59,651.05
1996-05-01 16:00:00,656.44,652.26
1996-05-02 16:00:00,654.58,642.13
1996-05-03 16:00:00,648.45,640.23
1996-05-06 16:00:00,644.64,636.19
1996-05-07 16:00:00,641.4,636.96
1996-05-08 16:00:00,644.79,630.07
1996-05-09 16:00:00,647.95,643.18
1996-05-10 16:00:00,653,645.44
1996-05-13 16:00:00,662.16,652.09
1996-05-14 16:00:00,666.96,661.51
1996-05-15 16:00:00,669.82,664.46
1996-05-16 16:00:00,667.11,662.79
1996-05-17 16:00:00,669.84,664.96
1996-05-20 16:00:00,673.66,667.64
1996-05-21 16:00:00,675.56,672.26
1996-05-22 16:00:00,678.41,671.23
1996-05-23 16:00:00,681.1,673.45
1996-05-24 16:00:00,679.72,676
1996-05-28 16:00:00,679.98,671.52
1996-05-29 16:00:00,673.73,666.09
1996-05-30 16:00:00,673.51,664.56
1996-05-31 16:00:00,673.46,667
1996-06-03 16:00:00,669.12,665.19
1996-06-04 16:00:00,672.6,667.69
1996-06-05 16:00:00,678.45,672.09
1996-06-06 16:00:00,680.32,673.02
1996-06-07 16:00:00,673.31,662.57
1996-06-10 16:00:00,673.61,670.15
1996-06-11 16:00:00,676.72,669.94
1996-06-12 16:00:00,673.67,668.77
1996-06-13 16:00:00,670.54,665.49
1996-06-14 16:00:00,668.4,664.35
1996-06-17 16:00:00,668.27,664.09
1996-06-18 16:00:00,666.36,661.34
1996-06-19 16:00:00,665.62,661.21
1996-06-20 16:00:00,664.96,658.75
1996-06-21 16:00:00,666.83,662.1
1996-06-24 16:00:00,671.07,666.84
1996-06-25 16:00:00,670.65,667.29
1996-06-26 16:00:00,668.49,663.67
1996-06-27 16:00:00,668.9,661.56
1996-06-28 16:00:00,672.68,668.55
1996-07-01 16:00:00,675.88,670.64
1996-07-02 16:00:00,675.84,672.55
1996-07-03 16:00:00,673.64,670.21
1996-07-05 16:00:00,672.21,657.41
1996-07-08 16:00:00,657.65,651.13
1996-07-09 16:00:00,656.6,652.64
1996-07-10 16:00:00,656.27,648.39
1996-07-11 16:00:00,656.06,639.52
1996-07-12 16:00:00,647.64,640.21
1996-07-15 16:00:00,646.19,629.69
1996-07-16 16:00:00,631.99,605.88
1996-07-17 16:00:00,636.61,629.04
1996-07-18 16:00:00,644.44,633.29
1996-07-19 16:00:00,643.51,635.5
1996-07-22 16:00:00,638.72,630.38
1996-07-23 16:00:00,637.7,625.65
1996-07-24 16:00:00,629.1,616.43
1996-07-25 16:00:00,633.57,626.65
1996-07-26 16:00:00,636.23,631.18
1996-07-29 16:00:00,635.9,630.9
1996-07-30 16:00:00,635.26,629.22
1996-07-31 16:00:00,640.54,633.74
1996-08-01 16:00:00,650.66,639.49
1996-08-02 16:00:00,662.49,650.02
1996-08-05 16:00:00,663.64,659.03
1996-08-06 16:00:00,662.75,656.83
1996-08-07 16:00:00,664.61,660
1996-08-08 16:00:00,664.17,661.28
1996-08-09 16:00:00,665.37,660.31
1996-08-12 16:00:00,665.77,658.95
1996-08-13 16:00:00,665.77,659.13
1996-08-14 16:00:00,662.42,658.47
1996-08-15 16:00:00,664.18,660.64
1996-08-16 16:00:00,666.34,662.26
1996-08-19 16:00:00,667.12,665
1996-08-20 16:00:00,666.99,665.15
1996-08-21 16:00:00,665.69,662.16
1996-08-22 16:00:00,670.68,664.88
1996-08-23 16:00:00,670.68,664.93
1996-08-26 16:00:00,667.03,662.36
1996-08-27 16:00:00,666.4,663.5
1996-08-28 16:00:00,667.41,664.39
1996-08-29 16:00:00,664.81,655.35
1996-08-30 16:00:00,657.71,650.52
1996-09-03 16:00:00,655.13,643.97
1996-09-04 16:00:00,655.82,652.93
1996-09-05 16:00:00,655.61,648.89
1996-09-06 16:00:00,658.21,649.44
1996-09-09 16:00:00,663.77,655.7
1996-09-10 16:00:00,665.57,661.55
1996-09-11 16:00:00,667.73,661.79
1996-09-12 16:00:00,673.07,667.34
1996-09-13 16:00:00,681.39,671.15
1996-09-16 16:00:00,686.48,680.53
1996-09-17 16:00:00,685.8,679.96
1996-09-18 16:00:00,683.77,679.75
1996-09-19 16:00:00,684.07,679.06
1996-09-20 16:00:00,687.07,683
1996-09-23 16:00:00,687.03,681.01
1996-09-24 16:00:00,690.88,683.72
1996-09-25 16:00:00,688.26,684.92
1996-09-26 16:00:00,690.15,683.77
1996-09-27 16:00:00,687.11,683.73
1996-09-30 16:00:00,690.11,686.03
1996-10-01 16:00:00,691.43,684.44
1996-10-02 16:00:00,694.82,689.15
1996-10-03 16:00:00,694.81,691.78
1996-10-04 16:00:00,701.74,692.78
1996-10-07 16:00:00,704.17,701.39
1996-10-08 16:00:00,705.76,699.88
1996-10-09 16:00:00,702.36,694.42
1996-10-10 16:00:00,696.82,693.34
1996-10-11 16:00:00,700.67,694.61
1996-10-14 16:00:00,705.16,700.66
1996-10-15 16:00:00,708.07,699.07
1996-10-16 16:00:00,704.42,699.15
1996-10-17 16:00:00,708.52,704.76
1996-10-18 16:00:00,711.04,706.11
1996-10-21 16:00:00,714.1,707.71
1996-10-22 16:00:00,709.78,704.55
1996-10-23 16:00:00,707.31,700.98
1996-10-24 16:00:00,708.25,702.11
1996-10-25 16:00:00,704.11,700.53
1996-10-28 16:00:00,705.4,697.25
1996-10-29 16:00:00,703.25,696.22
1996-10-30 16:00:00,703.44,700.05
1996-10-31 16:00:00,706.61,700.35
1996-11-01 16:00:00,708.6,701.3
1996-11-04 16:00:00,707.02,702.84
1996-11-05 16:00:00,714.56,706.76
1996-11-06 16:00:00,724.6,712.83
1996-11-07 16:00:00,729.49,722.23
1996-11-08 16:00:00,730.82,725.22
1996-11-11 16:00:00,732.6,729.94
1996-11-12 16:00:00,733.04,728.2
1996-11-13 16:00:00,732.11,728.03
1996-11-14 16:00:00,735.99,729.2
1996-11-15 16:00:00,741.92,735.15
1996-11-18 16:00:00,739.24,734.39
1996-11-19 16:00:00,742.18,736.87
1996-11-20 16:00:00,746.99,740.4
1996-11-21 16:00:00,745.2,741.08
1996-11-22 16:00:00,748.73,742.75
1996-11-25 16:00:00,757.05,747.99
1996-11-26 16:00:00,762.12,752.83
1996-11-27 16:00:00,757.3,753.18
1996-11-29 16:00:00,758.27,755
1996-12-02 16:00:00,757.03,751.49
1996-12-03 16:00:00,761.75,747.58
1996-12-04 16:00:00,748.4,738.46
1996-12-05 16:00:00,747.65,742.61
1996-12-06 16:00:00,744.38,726.89
1996-12-09 16:00:00,749.76,739.75
1996-12-10 16:00:00,753.43,747.02
1996-12-11 16:00:00,747.54,732.75
1996-12-12 16:00:00,744.86,729.3
1996-12-13 16:00:00,731.47,721.88
1996-12-16 16:00:00,732.68,719.4
1996-12-17 16:00:00,727.67,716.69
1996-12-18 16:00:00,732.76,726.36
1996-12-19 16:00:00,746.06,731.54
1996-12-20 16:00:00,755.41,745.76
1996-12-23 16:00:00,750.4,743.28
1996-12-24 16:00:00,751.03,746.92
1996-12-26 16:00:00,757.07,751.02
1996-12-27 16:00:00,758.75,754.82
1996-12-30 16:00:00,759.2,752.73
1996-12-31 16:00:00,753.95,740.74
1997-01-02 16:00:00,742.81,729.55
1997-01-03 16:00:00,748.24,737.01
1997-01-06 16:00:00,753.31,743.82
1997-01-07 16:00:00,753.26,742.18
1997-01-08 16:00:00,755.72,747.71
1997-01-09 16:00:00,757.68,748.41
1997-01-10 16:00:00,759.65,746.92
1997-01-13 16:00:00,762.85,756.69
1997-01-14 16:00:00,772.04,759.61
1997-01-15 16:00:00,770.95,763.72
1997-01-16 16:00:00,772.05,765.25
1997-01-17 16:00:00,776.37,769.72
1997-01-20 16:00:00,780.08,774.19
1997-01-21 16:00:00,783.72,772
1997-01-22 16:00:00,786.23,779.56
1997-01-23 16:00:00,794.67,776.64
1997-01-24 16:00:00,778.21,768.17
1997-01-27 16:00:00,771.43,764.18
1997-01-28 16:00:00,776.32,761.75
1997-01-29 16:00:00,772.7,765.48
1997-01-30 16:00:00,784.17,772.5
1997-01-31 16:00:00,791.86,784.17
1997-02-03 16:00:00,787.14,783.12
1997-02-04 16:00:00,789.28,783.68
1997-02-05 16:00:00,792.71,773.43
1997-02-06 16:00:00,780.35,774.45
1997-02-07 16:00:00,789.72,778.19
1997-02-10 16:00:00,793.46,784.69
1997-02-11 16:00:00,789.6,780.95
1997-02-12 16:00:00,802.77,789.59
1997-02-13 16:00:00,812.93,802.77
1997-02-14 16:00:00,812.2,808.15
1997-02-18 16:00:00,816.29,806.34
1997-02-19 16:00:00,817.68,811.2
1997-02-20 16:00:00,812.49,800.35
1997-02-21 16:00:00,804.94,799.99
1997-02-24 16:00:00,810.64,798.42
1997-02-25 16:00:00,812.85,807.65
1997-02-26 16:00:00,812.7,798.13
1997-02-27 16:00:00,805.68,795.06
1997-02-28 16:00:00,795.7,788.5
1997-03-03 16:00:00,795.31,785.66
1997-03-04 16:00:00,798.93,789.98
1997-03-05 16:00:00,801.99,790.95
1997-03-06 16:00:00,798.63,798.56
1997-03-07 16:00:00,808.19,798.56
1997-03-10 16:00:00,813.66,803.66
1997-03-11 16:00:00,814.9,810.77
1997-03-12 16:00:00,811.34,801.07
1997-03-13 16:00:00,804.26,789.44
1997-03-14 16:00:00,796.88,789.56
1997-03-17 16:00:00,796.28,782.98
1997-03-18 16:00:00,797.18,785.47
1997-03-19 16:00:00,791.59,780.03
1997-03-20 16:00:00,786.29,778.04
1997-03-21 16:00:00,786.44,782.65
1997-03-24 16:00:00,791.01,780.79
1997-03-25 16:00:00,798.11,788.39
1997-03-26 16:00:00,794.89,786.77
1997-03-27 16:00:00,792.58,767.32
1997-03-31 16:00:00,773.88,756.13
1997-04-01 16:00:00,761.49,751.26
1997-04-02 16:00:00,759.65,747.59
1997-04-03 16:00:00,751.04,744.4
1997-04-04 16:00:00,757.9,744.04
1997-04-07 16:00:00,764.82,757.9
1997-04-08 16:00:00,766.25,758.36
1997-04-09 16:00:00,769.53,759.15
1997-04-10 16:00:00,763.73,757.65
1997-04-11 16:00:00,758.34,737.64
1997-04-14 16:00:00,743.73,733.54
1997-04-15 16:00:00,754.72,743.73
1997-04-16 16:00:00,763.53,751.99
1997-04-17 16:00:00,768.55,760.49
1997-04-18 16:00:00,767.93,761.77
1997-04-21 16:00:00,767.39,756.38
1997-04-22 16:00:00,774.64,759.9
1997-04-23 16:00:00,778.19,771.9
1997-04-24 16:00:00,779.89,769.72
1997-04-25 16:00:00,771.18,764.63
1997-04-28 16:00:00,773.89,763.3
1997-04-29 16:00:00,794.44,772.96
1997-04-30 16:00:00,804.13,791.21
1997-05-01 16:00:00,802.95,793.21
1997-05-02 16:00:00,812.99,798.53
1997-05-05 16:00:00,830.25,811.8
1997-05-06 16:00:00,832.29,824.7
1997-05-07 16:00:00,827.76,814.7
1997-05-08 16:00:00,829.09,811.84
1997-05-09 16:00:00,827.69,815.78
1997-05-12 16:00:00,838.56,824.78
1997-05-13 16:00:00,838.49,829.12
1997-05-14 16:00:00,841.29,833.13
1997-05-15 16:00:00,842.45,833.34
1997-05-16 16:00:00,841.88,829.15
1997-05-19 16:00:00,835.92,828.87
1997-05-20 16:00:00,841.96,826.41
1997-05-21 16:00:00,846.87,835.22
1997-05-22 16:00:00,841.91,833.86
1997-05-23 16:00:00,847.03,835.66
1997-05-27 16:00:00,851.53,840.96
1997-05-28 16:00:00,850.95,843.21
1997-05-29 16:00:00,848.96,842.61
1997-05-30 16:00:00,851.87,831.87
1997-06-02 16:00:00,851.34,844.61
1997-06-03 16:00:00,850.56,841.51
1997-06-04 16:00:00,845.55,838.82
1997-06-05 16:00:00,848.89,840.11
1997-06-06 16:00:00,859.24,843.36
1997-06-09 16:00:00,865.14,858.01
1997-06-10 16:00:00,870.05,862.18
1997-06-11 16:00:00,870.66,865.16
1997-06-12 16:00:00,884.34,869.01
1997-06-13 16:00:00,894.69,883.48
1997-06-16 16:00:00,895.17,891.21
1997-06-17 16:00:00,897.6,891.67
1997-06-18 16:00:00,893.59,887.03
1997-06-19 16:00:00,900.09,888.99
1997-06-20 16:00:00,901.77,897.77
1997-06-23 16:00:00,898.7,878.43
1997-06-24 16:00:00,896.75,878.62
1997-06-25 16:00:00,902.09,882.24
1997-06-26 16:00:00,893.21,879.32
1997-06-27 16:00:00,894.7,883.68
1997-06-30 16:00:00,892.62,879.88
1997-07-01 16:00:00,893.88,885.67
1997-07-02 16:00:00,904.05,891.03
1997-07-03 16:00:00,917.82,904.03
1997-07-07 16:00:00,923.26,909.69
1997-07-08 16:00:00,918.76,911.56
1997-07-09 16:00:00,922.03,902.48
1997-07-10 16:00:00,916.54,904.31
1997-07-11 16:00:00,919.74,913.11
1997-07-14 16:00:00,921.78,912.02
1997-07-15 16:00:00,926.15,914.52
1997-07-16 16:00:00,939.32,926.24
1997-07-17 16:00:00,936.96,927.9
1997-07-18 16:00:00,931.61,912.91
1997-07-21 16:00:00,915.38,907.12
1997-07-22 16:00:00,934.38,912.94
1997-07-23 16:00:00,941.79,933.98
1997-07-24 16:00:00,941.51,926.91
1997-07-25 16:00:00,945.62,936.09
1997-07-28 16:00:00,942.97,935.19
1997-07-29 16:00:00,942.96,932.56
1997-07-30 16:00:00,953.98,941.9
1997-07-31 16:00:00,957.73,948.89
1997-08-01 16:00:00,955.33,939.05
1997-08-04 16:00:00,953.18,943.6
1997-08-05 16:00:00,954.21,948.92
1997-08-06 16:00:00,962.43,949.45
1997-08-07 16:00:00,964.17,950.87
1997-08-08 16:00:00,951.19,925.74
1997-08-11 16:00:00,938.5,925.39
1997-08-12 16:00:00,942.99,925.66
1997-08-13 16:00:00,935.77,916.54
1997-08-14 16:00:00,930.07,916.92
1997-08-15 16:00:00,924.77,900.81
1997-08-18 16:00:00,912.57,893.34
1997-08-19 16:00:00,926.01,912.49
1997-08-20 16:00:00,939.35,924.58
1997-08-21 16:00:00,939.47,921.38
1997-08-22 16:00:00,925.05,905.42
1997-08-25 16:00:00,930.93,917.29
1997-08-26 16:00:00,922.47,911.72
1997-08-27 16:00:00,916.23,903.83
1997-08-28 16:00:00,915.9,898.65
1997-08-29 16:00:00,907.28,896.82
1997-09-02 16:00:00,927.58,899.47
1997-09-03 16:00:00,935.9,926.87
1997-09-04 16:00:00,933.36,925.59
1997-09-05 16:00:00,940.37,924.05
1997-09-08 16:00:00,936.5,929.05
1997-09-09 16:00:00,938.9,927.28
1997-09-10 16:00:00,933.62,918.76
1997-09-11 16:00:00,919.03,902.56
1997-09-12 16:00:00,925.05,906.7
1997-09-15 16:00:00,928.9,919.41
1997-09-16 16:00:00,947.66,919.77
1997-09-17 16:00:00,950.29,941.99
1997-09-18 16:00:00,958.19,943
1997-09-19 16:00:00,952.35,943.9
1997-09-22 16:00:00,960.59,950.51
1997-09-23 16:00:00,955.78,948.07
1997-09-24 16:00:00,959.78,944.07
1997-09-25 16:00:00,947,937.38
1997-09-26 16:00:00,946.44,937.91
1997-09-29 16:00:00,953.96,941.94
1997-09-30 16:00:00,955.17,947.28
1997-10-01 16:00:00,956.71,948.04
1997-10-02 16:00:00,960.46,952.94
1997-10-03 16:00:00,975.47,955.13
1997-10-06 16:00:00,974.16,965.03
1997-10-07 16:00:00,983.12,971.95
1997-10-08 16:00:00,983.12,968.65
1997-10-09 16:00:00,974.72,963.34
1997-10-10 16:00:00,970.62,963.42
1997-10-13 16:00:00,973.46,966.95
1997-10-14 16:00:00,972.86,961.87
1997-10-15 16:00:00,969.16,962.75
1997-10-16 16:00:00,973.38,950.77
1997-10-17 16:00:00,955.23,931.58
1997-10-20 16:00:00,955.72,941.43
1997-10-21 16:00:00,972.56,955.61
1997-10-22 16:00:00,972.61,965.66
1997-10-23 16:00:00,966.05,944.16
1997-10-24 16:00:00,960.04,937.55
1997-10-27 16:00:00,941.64,876.73
1997-10-28 16:00:00,923.07,855.27
1997-10-29 16:00:00,935.24,913.92
1997-10-30 16:00:00,923.28,903.68
1997-10-31 16:00:00,919.93,903.68
1997-11-03 16:00:00,939.02,914.62
1997-11-04 16:00:00,941.4,932.66
1997-11-05 16:00:00,949.62,938.16
1997-11-06 16:00:00,942.85,934.16
1997-11-07 16:00:00,938.03,915.39
1997-11-10 16:00:00,935.9,920.26
1997-11-11 16:00:00,928.29,919.63
1997-11-12 16:00:00,923.88,905.34
1997-11-13 16:00:00,917.79,900.61
1997-11-14 16:00:00,930.44,915.34
1997-11-17 16:00:00,949.66,928.35
1997-11-18 16:00:00,947.65,937.43
1997-11-19 16:00:00,947.28,934.83
1997-11-20 16:00:00,961.83,944.59
1997-11-21 16:00:00,964.55,954.6
1997-11-24 16:00:00,963.09,945.22
1997-11-25 16:00:00,954.47,944.71
1997-11-26 16:00:00,956.47,950.82
1997-11-28 16:00:00,959.13,951.64
1997-12-01 16:00:00,974.77,955.4
1997-12-02 16:00:00,976.2,969.83
1997-12-03 16:00:00,980.81,966.16
1997-12-04 16:00:00,983.36,971.37
1997-12-05 16:00:00,986.25,969.1
1997-12-08 16:00:00,985.67,979.57
1997-12-09 16:00:00,982.37,973.81
1997-12-10 16:00:00,975.78,962.68
1997-12-11 16:00:00,969.79,951.89
1997-12-12 16:00:00,961.32,947
1997-12-15 16:00:00,965.96,953.39
1997-12-16 16:00:00,973,963.39
1997-12-17 16:00:00,974.3,964.25
1997-12-18 16:00:00,965.54,950.55
1997-12-19 16:00:00,955.3,924.92
1997-12-22 16:00:00,956.73,946.25
1997-12-23 16:00:00,954.51,938.91
1997-12-24 16:00:00,954.51,932.7
1997-12-26 16:00:00,939.99,932.7
1997-12-29 16:00:00,953.95,936.46
1997-12-30 16:00:00,970.84,953.35
1997-12-31 16:00:00,975.02,967.41
1998-01-02 16:00:00,975.04,965.73
1998-01-05 16:00:00,982.63,969
1998-01-06 16:00:00,977.07,962.68
1998-01-07 16:00:00,966.58,952.67
1998-01-08 16:00:00,964,955.04
1998-01-09 16:00:00,964,921.72
1998-01-12 16:00:00,939.25,912.83
1998-01-13 16:00:00,952.14,939.21
1998-01-14 16:00:00,958.12,948
1998-01-15 16:00:00,957.94,950.27
1998-01-16 16:00:00,965.12,950.73
1998-01-20 16:00:00,978.6,961.48
1998-01-21 16:00:00,978.6,963.29
1998-01-22 16:00:00,970.81,959.49
1998-01-23 16:00:00,966.44,950.86
1998-01-26 16:00:00,963.04,954.24
1998-01-27 16:00:00,973.22,956.26
1998-01-28 16:00:00,978.63,969.02
1998-01-29 16:00:00,992.65,975.21
1998-01-30 16:00:00,987.41,979.63
1998-02-02 16:00:00,1002.48,980.28
1998-02-03 16:00:00,1006.13,996.9
1998-02-04 16:00:00,1009.52,999.43
1998-02-05 16:00:00,1013.51,1000.27
1998-02-06 16:00:00,1013.07,1003.36
1998-02-09 16:00:00,1015.33,1006.28
1998-02-10 16:00:00,1022.15,1010.71
1998-02-11 16:00:00,1020.71,1016.38
1998-02-12 16:00:00,1026.3,1008.55
1998-02-13 16:00:00,1024.14,1017.71
1998-02-17 16:00:00,1028.02,1020.09
1998-02-18 16:00:00,1032.06,1021.7
1998-02-19 16:00:00,1032.93,1026.62
1998-02-20 16:00:00,1034.21,1022.69
1998-02-23 16:00:00,1038.68,1031.76
1998-02-24 16:00:00,1038.73,1028.89
1998-02-25 16:00:00,1045.79,1030.56
1998-02-26 16:00:00,1048.68,1039.85
1998-02-27 16:00:00,1051.66,1044.4
1998-03-02 16:00:00,1053.98,1044.7
1998-03-03 16:00:00,1052.02,1043.41
1998-03-04 16:00:00,1052.02,1042.74
1998-03-05 16:00:00,1047.33,1030.87
1998-03-06 16:00:00,1055.69,1035.05
1998-03-09 16:00:00,1058.55,1050.02
1998-03-10 16:00:00,1064.59,1052.31
1998-03-11 16:00:00,1069.18,1064.22
1998-03-12 16:00:00,1071.87,1063.54
1998-03-13 16:00:00,1075.86,1066.57
1998-03-16 16:00:00,1079.46,1063.54
1998-03-17 16:00:00,1080.52,1073.29
1998-03-18 16:00:00,1085.52,1077.77
1998-03-19 16:00:00,1089.74,1084.3
1998-03-20 16:00:00,1101.04,1089.39
1998-03-23 16:00:00,1101.16,1094.25
1998-03-24 16:00:00,1106.75,1095.55
1998-03-25 16:00:00,1113.07,1092.84
1998-03-26 16:00:00,1106.28,1097
1998-03-27 16:00:00,1107.18,1091.14
1998-03-30 16:00:00,1099.16,1090.02
1998-03-31 16:00:00,1110.13,1090.02
1998-04-01 16:00:00,1109.19,1095.29
1998-04-02 16:00:00,1121.01,1107.89
1998-04-03 16:00:00,1126.36,1118.12
1998-04-06 16:00:00,1131.99,1107.89
1998-04-07 16:00:00,1121.38,1102.44
1998-04-08 16:00:00,1111.6,1098.21
1998-04-09 16:00:00,1111.45,1101.65
1998-04-13 16:00:00,1110.75,1100.6
1998-04-14 16:00:00,1115.95,1109.48
1998-04-15 16:00:00,1119.9,1112.24
1998-04-16 16:00:00,1119.32,1105.27
1998-04-17 16:00:00,1122.72,1104.95
1998-04-20 16:00:00,1124.88,1118.47
1998-04-21 16:00:00,1129.65,1119.54
1998-04-22 16:00:00,1132.98,1126.29
1998-04-23 16:00:00,1130.54,1117.49
1998-04-24 16:00:00,1122.81,1104.77
1998-04-27 16:00:00,1107.9,1076.7
1998-04-28 16:00:00,1095.94,1081.49
1998-04-29 16:00:00,1098.24,1084.65
1998-04-30 16:00:00,1116.97,1094.63
1998-05-01 16:00:00,1121.02,1111.75
1998-05-04 16:00:00,1130.52,1121
1998-05-05 16:00:00,1122.07,1111.16
1998-05-06 16:00:00,1118.39,1104.64
1998-05-07 16:00:00,1105.58,1094.59
1998-05-08 16:00:00,1111.42,1094.53
1998-05-11 16:00:00,1119.13,1103.72
1998-05-12 16:00:00,1115.96,1102.78
1998-05-13 16:00:00,1122.22,1114.93
1998-05-14 16:00:00,1124.03,1112.43
1998-05-15 16:00:00,1118.66,1107.11
1998-05-18 16:00:00,1112.44,1097.99
1998-05-19 16:00:00,1113.5,1105.82
1998-05-20 16:00:00,1119.08,1107.51
1998-05-21 16:00:00,1124.45,1111.94
1998-05-22 16:00:00,1116.89,1107.99
1998-05-26 16:00:00,1116.79,1094.01
1998-05-27 16:00:00,1094.44,1074.39
1998-05-28 16:00:00,1099.73,1089.06
1998-05-29 16:00:00,1104.16,1090.82
1998-06-01 16:00:00,1097.85,1084.22
1998-06-02 16:00:00,1098.71,1089.67
1998-06-03 16:00:00,1097.43,1081.09
1998-06-04 16:00:00,1095.93,1078.1
1998-06-05 16:00:00,1113.88,1084.28
1998-06-08 16:00:00,1119.7,1113.31
1998-06-09 16:00:00,1119.92,1111.31
1998-06-10 16:00:00,1126,1110.27
1998-06-11 16:00:00,1114.2,1094.28
1998-06-12 16:00:00,1098.84,1080.83
1998-06-15 16:00:00,1098.84,1077.01
1998-06-16 16:00:00,1087.59,1074.67
1998-06-17 16:00:00,1112.87,1087.58
1998-06-18 16:00:00,1109.36,1103.71
1998-06-19 16:00:00,1111.25,1097.1
1998-06-22 16:00:00,1109.01,1099.42
1998-06-23 16:00:00,1119.49,1103.21
1998-06-24 16:00:00,1134.4,1115.1
1998-06-25 16:00:00,1142.04,1127.6
1998-06-26 16:00:00,1136.83,1129.28
1998-06-29 16:00:00,1145.15,1133.2
1998-06-30 16:00:00,1140.8,1131.98
1998-07-01 16:00:00,1148.56,1133.84
1998-07-02 16:00:00,1148.56,1142.99
1998-07-06 16:00:00,1157.34,1145.03
1998-07-07 16:00:00,1159.81,1152.85
1998-07-08 16:00:00,1166.89,1154.66
1998-07-09 16:00:00,1166.38,1156.03
1998-07-10 16:00:00,1166.93,1150.88
1998-07-13 16:00:00,1166.98,1160.21
1998-07-14 16:00:00,1179.76,1165.19
1998-07-15 16:00:00,1181.48,1174.73
1998-07-16 16:00:00,1184.02,1170.4
1998-07-17 16:00:00,1188.1,1182.42
1998-07-20 16:00:00,1190.58,1179.19
1998-07-21 16:00:00,1187.37,1163.05
1998-07-22 16:00:00,1167.67,1155.2
1998-07-23 16:00:00,1164.35,1139.75
1998-07-24 16:00:00,1150.14,1129.11
1998-07-27 16:00:00,1147.27,1128.19
1998-07-28 16:00:00,1147.27,1119.46
1998-07-29 16:00:00,1138.56,1121.98
1998-07-30 16:00:00,1143.07,1125.21
1998-07-31 16:00:00,1142.97,1114.3
1998-08-03 16:00:00,1121.79,1110.39
1998-08-04 16:00:00,1119.73,1071.82
1998-08-05 16:00:00,1084.8,1057.35
1998-08-06 16:00:00,1090.95,1074.94
1998-08-07 16:00:00,1102.54,1084.72
1998-08-10 16:00:00,1092.82,1081.76
1998-08-11 16:00:00,1083.14,1054
1998-08-12 16:00:00,1084.37,1068.98
1998-08-13 16:00:00,1091.5,1074.91
1998-08-14 16:00:00,1083.92,1057.22
1998-08-17 16:00:00,1083.67,1055.08
1998-08-18 16:00:00,1101.72,1083.67
1998-08-19 16:00:00,1106.32,1094.93
1998-08-20 16:00:00,1098.79,1089.55
1998-08-21 16:00:00,1091.6,1054.92
1998-08-24 16:00:00,1093.82,1081.24
1998-08-25 16:00:00,1106.64,1085.53
1998-08-26 16:00:00,1092.85,1075.91
1998-08-27 16:00:00,1084.19,1037.61
1998-08-28 16:00:00,1051.8,1021.04
1998-08-31 16:00:00,1033.47,957.42
1998-09-01 16:00:00,1000.71,939.98
1998-09-02 16:00:00,1013.19,988.46
1998-09-03 16:00:00,990.47,969.33
1998-09-04 16:00:00,991.41,956.51
1998-09-08 16:00:00,1023.46,973.89
1998-09-09 16:00:00,1027.72,1004.56
1998-09-10 16:00:00,1006.2,968.64
1998-09-11 16:00:00,1009.06,969.71
1998-09-14 16:00:00,1038.38,1009.06
1998-09-15 16:00:00,1037.9,1021.42
1998-09-16 16:00:00,1046.07,1029.31
1998-09-17 16:00:00,1045.48,1016.05
1998-09-18 16:00:00,1022.01,1011.86
1998-09-21 16:00:00,1026.02,993.83
1998-09-22 16:00:00,1033.89,1021.96
1998-09-23 16:00:00,1066.09,1029.63
1998-09-24 16:00:00,1066.11,1033.04
1998-09-25 16:00:00,1051.89,1028.49
1998-09-28 16:00:00,1061.46,1042.23
1998-09-29 16:00:00,1056.31,1039.95
1998-09-30 16:00:00,1049.02,1015.73
1998-10-01 16:00:00,1017.01,981.29
1998-10-02 16:00:00,1005.45,971.69
1998-10-05 16:00:00,1002.6,964.72
1998-10-06 16:00:00,1008.77,974.81
1998-10-07 16:00:00,995.66,957.15
1998-10-08 16:00:00,970.68,923.32
1998-10-09 16:00:00,984.42,953.04
1998-10-12 16:00:00,1010.71,985.28
1998-10-13 16:00:00,1000.78,987.55
1998-10-14 16:00:00,1014.42,987.8
1998-10-15 16:00:00,1053.09,1000.12
1998-10-16 16:00:00,1062.65,1047.49
1998-10-19 16:00:00,1065.21,1054.23
1998-10-20 16:00:00,1084.06,1060.61
1998-10-21 16:00:00,1073.61,1058.08
1998-10-22 16:00:00,1080.43,1061.47
1998-10-23 16:00:00,1078.48,1067.43
1998-10-26 16:00:00,1081.23,1068.01
1998-10-27 16:00:00,1087.08,1063.06
1998-10-28 16:00:00,1072.79,1059.65
1998-10-29 16:00:00,1086.11,1065.95
1998-10-30 16:00:00,1103.76,1085.93
1998-11-02 16:00:00,1114.44,1098.82
1998-11-03 16:00:00,1115.02,1106.42
1998-11-04 16:00:00,1127.18,1110.59
1998-11-05 16:00:00,1133.88,1109.55
1998-11-06 16:00:00,1141.3,1131.18
1998-11-09 16:00:00,1141.01,1123.17
1998-11-10 16:00:00,1135.37,1122.8
1998-11-11 16:00:00,1136.25,1117.4
1998-11-12 16:00:00,1126.57,1115.55
1998-11-13 16:00:00,1126.34,1116.76
1998-11-16 16:00:00,1138.72,1125.85
1998-11-17 16:00:00,1151.71,1129.67
1998-11-18 16:00:00,1144.52,1133.07
1998-11-19 16:00:00,1155.1,1144.42
1998-11-20 16:00:00,1163.55,1152.61
1998-11-23 16:00:00,1188.21,1163.55
1998-11-24 16:00:00,1191.3,1181.81
1998-11-25 16:00:00,1187.16,1179.37
1998-11-27 16:00:00,1192.97,1186.83
1998-11-30 16:00:00,1192.72,1163.63
1998-12-01 16:00:00,1175.89,1150.31
1998-12-02 16:00:00,1175.28,1157.76
1998-12-03 16:00:00,1177.03,1149.6
1998-12-04 16:00:00,1176.74,1150.14
1998-12-07 16:00:00,1189.01,1176.71
1998-12-08 16:00:00,1193.53,1172.78
1998-12-09 16:00:00,1185.22,1175.89
1998-12-10 16:00:00,1183.77,1163.75
1998-12-11 16:00:00,1167.89,1153.19
1998-12-14 16:00:00,1166.89,1136.89
1998-12-15 16:00:00,1162.83,1141.2
1998-12-16 16:00:00,1166.29,1154.69
1998-12-17 16:00:00,1180.03,1161.94
1998-12-18 16:00:00,1188.89,1178.27
1998-12-21 16:00:00,1210.75,1188.68
1998-12-22 16:00:00,1209.22,1192.81
1998-12-23 16:00:00,1229.68,1203.57
1998-12-24 16:00:00,1229.72,1224.85
1998-12-28 16:00:00,1231.52,1221.17
1998-12-29 16:00:00,1241.86,1220.78
1998-12-30 16:00:00,1244.93,1231.2
1998-12-31 16:00:00,1237.18,1224.96
1999-01-04 16:00:00,1248.81,1219.1
1999-01-05 16:00:00,1246.11,1228.1
1999-01-06 16:00:00,1272.5,1244.78
1999-01-07 16:00:00,1272.34,1257.68
1999-01-08 16:00:00,1278.05,1261.85
1999-01-11 16:00:00,1276.22,1253.43
1999-01-12 16:00:00,1264.45,1238.25
1999-01-13 16:00:00,1247.66,1206.59
1999-01-14 16:00:00,1236.97,1209.48
1999-01-15 16:00:00,1243.27,1212.61
1999-01-19 16:00:00,1253.27,1234.91
1999-01-20 16:00:00,1274.08,1251.33
1999-01-21 16:00:00,1256.94,1232.19
1999-01-22 16:00:00,1236.53,1218
1999-01-25 16:00:00,1233.98,1219.46
1999-01-26 16:00:00,1253.27,1233.98
1999-01-27 16:00:00,1262.62,1242.82
1999-01-28 16:00:00,1266.32,1243.17
1999-01-29 16:00:00,1280.4,1255.2
1999-02-01 16:00:00,1283.64,1271.29
1999-02-02 16:00:00,1273.34,1247.62
1999-02-03 16:00:00,1276.08,1255.27
1999-02-04 16:00:00,1272.16,1248.37
1999-02-05 16:00:00,1251.84,1232.33
1999-02-08 16:00:00,1246.71,1231.94
1999-02-09 16:00:00,1244.06,1215.58
1999-02-10 16:00:00,1226.78,1211.89
1999-02-11 16:00:00,1254.05,1223.36
1999-02-12 16:00:00,1254.04,1225.53
1999-02-16 16:00:00,1252.27,1230.13
1999-02-17 16:00:00,1249.29,1220.94
1999-02-18 16:00:00,1239.07,1220.53
1999-02-19 16:00:00,1247.94,1232.03
1999-02-22 16:00:00,1272.22,1239.22
1999-02-23 16:00:00,1280.43,1263.35
1999-02-24 16:00:00,1283.91,1251.97
1999-02-25 16:00:00,1252.71,1225.01
1999-02-26 16:00:00,1246.54,1226.25
1999-03-01 16:00:00,1238.6,1222.02
1999-03-02 16:00:00,1248.31,1221.87
1999-03-03 16:00:00,1231.69,1216.03
1999-03-04 16:00:00,1247.91,1227.7
1999-03-05 16:00:00,1275.68,1246.64
1999-03-08 16:00:00,1282.73,1271.61
1999-03-09 16:00:00,1293.74,1274.76
1999-03-10 16:00:00,1287.03,1275.17
1999-03-11 16:00:00,1306.41,1286.9
1999-03-12 16:00:00,1304.09,1289.21
1999-03-15 16:00:00,1307.54,1290.99
1999-03-16 16:00:00,1311.13,1302.37
1999-03-17 16:00:00,1306.77,1292.61
1999-03-18 16:00:00,1317.41,1294.74
1999-03-19 16:00:00,1322.1,1298.98
1999-03-22 16:00:00,1303.89,1294.22
1999-03-23 16:00:00,1296.25,1257.5
1999-03-24 16:00:00,1269.02,1256.52
1999-03-25 16:00:00,1290.01,1270.18
1999-03-26 16:00:00,1289.46,1277.29
1999-03-29 16:00:00,1311.8,1282.8
1999-03-30 16:00:00,1310.8,1295.53
1999-03-31 16:00:00,1313.53,1285.75
1999-04-01 16:00:00,1294.44,1282.55
1999-04-05 16:00:00,1321.12,1293.72
1999-04-06 16:00:00,1326.76,1311.07
1999-04-07 16:00:00,1329.65,1312.56
1999-04-08 16:00:00,1344.08,1321.61
1999-04-09 16:00:00,1351.18,1335.23
1999-04-12 16:00:00,1358.69,1333.07
1999-04-13 16:00:00,1362.38,1344.03
1999-04-14 16:00:00,1357.08,1326.41
1999-04-15 16:00:00,1333.6,1308.38
1999-04-16 16:00:00,1325.12,1311.1
1999-04-19 16:00:00,1340.02,1284.59
1999-04-20 16:00:00,1306.25,1288.28
1999-04-21 16:00:00,1336.12,1301.83
1999-04-22 16:00:00,1358.96,1336.12
1999-04-23 16:00:00,1363.7,1348.47
1999-04-26 16:00:00,1363.58,1353.76
1999-04-27 16:00:00,1371.67,1356.61
1999-04-28 16:00:00,1368.76,1348.38
1999-04-29 16:00:00,1356.86,1336.71
1999-04-30 16:00:00,1351.83,1314.59
1999-05-03 16:00:00,1354.63,1329.83
1999-05-04 16:00:00,1354.63,1330.59
1999-05-05 16:00:00,1347.32,1317.41
1999-05-06 16:00:00,1348.35,1322.56
1999-05-07 16:00:00,1345.99,1332.05
1999-05-10 16:00:00,1352.01,1334
1999-05-11 16:00:00,1360.03,1340.3
1999-05-12 16:00:00,1366.95,1332.95
1999-05-13 16:00:00,1375.98,1364
1999-05-14 16:00:00,1367.56,1332.71
1999-05-17 16:00:00,1339.84,1321.18
1999-05-18 16:00:00,1345.46,1323.37
1999-05-19 16:00:00,1344.23,1328.27
1999-05-20 16:00:00,1350.5,1338.83
1999-05-21 16:00:00,1340.9,1326.24
1999-05-24 16:00:00,1332.96,1303.46
1999-05-25 16:00:00,1317.48,1284.38
1999-05-26 16:00:00,1304.83,1278.53
1999-05-27 16:00:00,1304.76,1277.31
1999-05-28 16:00:00,1303.94,1281.4
1999-06-01 16:00:00,1301.84,1281.49
1999-06-02 16:00:00,1297.07,1277.51
1999-06-03 16:00:00,1304.12,1294.23
1999-06-04 16:00:00,1327.75,1299.54
1999-06-07 16:00:00,1336.43,1325.89
1999-06-08 16:00:00,1334.52,1312.93
1999-06-09 16:00:00,1325.95,1314.73
1999-06-10 16:00:00,1318.64,1293.08
1999-06-11 16:00:00,1311.87,1287.92
1999-06-14 16:00:00,1301.93,1292.2
1999-06-15 16:00:00,1310.75,1294
1999-06-16 16:00:00,1332.83,1301.16
1999-06-17 16:00:00,1343.54,1322.78
1999-06-18 16:00:00,1344.55,1333.48
1999-06-21 16:00:00,1349.11,1337.68
1999-06-22 16:00:00,1351.12,1335.58
1999-06-23 16:00:00,1335.87,1324.32
1999-06-24 16:00:00,1333.06,1308.5
1999-06-25 16:00:00,1329.07,1312.64
1999-06-28 16:00:00,1338.43,1315.31
1999-06-29 16:00:00,1351.51,1328.4
1999-06-30 16:00:00,1372.93,1338.8
1999-07-01 16:00:00,1382.8,1360.76
1999-07-02 16:00:00,1391.22,1379.5
1999-07-06 16:00:00,1405.32,1387.14
1999-07-07 16:00:00,1395.86,1384.99
1999-07-08 16:00:00,1403.13,1386.67
1999-07-09 16:00:00,1403.28,1394.42
1999-07-12 16:00:00,1407.04,1394.7
1999-07-13 16:00:00,1399.1,1386.84
1999-07-14 16:00:00,1400.1,1386.54
1999-07-15 16:00:00,1409.72,1398.17
1999-07-16 16:00:00,1418.82,1406.99
1999-07-19 16:00:00,1420.14,1404.6
1999-07-20 16:00:00,1407.65,1375.18
1999-07-21 16:00:00,1386.59,1372.64
1999-07-22 16:00:00,1379.29,1354.02
1999-07-23 16:00:00,1367.42,1349.96
1999-07-26 16:00:00,1358.57,1346.11
1999-07-27 16:00:00,1368.77,1347.75
1999-07-28 16:00:00,1370.53,1355.54
1999-07-29 16:00:00,1365.4,1332.82
1999-07-30 16:00:00,1350.92,1328.49
1999-08-02 16:00:00,1344.73,1325.18
1999-08-03 16:00:00,1336.06,1314.94
1999-08-04 16:00:00,1330.09,1304.54
1999-08-05 16:00:00,1313.71,1287.3
1999-08-06 16:00:00,1316.75,1293.18
1999-08-09 16:00:00,1306.71,1295.93
1999-08-10 16:00:00,1298.78,1267.73
1999-08-11 16:00:00,1301.93,1281.43
1999-08-12 16:00:00,1313.61,1298.06
1999-08-13 16:00:00,1327.71,1298.16
1999-08-16 16:00:00,1331.1,1320.79
1999-08-17 16:00:00,1344.16,1328.76
1999-08-18 16:00:00,1344.16,1332.07
1999-08-19 16:00:00,1332.84,1315.37
1999-08-20 16:00:00,1336.61,1323.59
1999-08-23 16:00:00,1360.24,1336.61
1999-08-24 16:00:00,1373.32,1353.74
1999-08-25 16:00:00,1382.75,1359.18
1999-08-26 16:00:00,1381.79,1361.62
1999-08-27 16:00:00,1365.63,1347.35
1999-08-30 16:00:00,1350.58,1322.77
1999-08-31 16:00:00,1333.28,1306.91
1999-09-01 16:00:00,1331.18,1320.31
1999-09-02 16:00:00,1331.07,1304.8
1999-09-03 16:00:00,1357.75,1319.11
1999-09-07 16:00:00,1361.39,1349.59
1999-09-08 16:00:00,1355.2,1337.36
1999-09-09 16:00:00,1347.66,1333.91
1999-09-10 16:00:00,1357.62,1346.2
1999-09-13 16:00:00,1351.66,1341.7
1999-09-14 16:00:00,1344.13,1330.6
1999-09-15 16:00:00,1347.41,1317.97
1999-09-16 16:00:00,1322.51,1299.95
1999-09-17 16:00:00,1337.54,1318.48
1999-09-20 16:00:00,1338.55,1330.62
1999-09-21 16:00:00,1335.52,1302.06
1999-09-22 16:00:00,1316.2,1297.81
1999-09-23 16:00:00,1315.09,1277.3
1999-09-24 16:00:00,1281.21,1263.79
1999-09-27 16:00:00,1294.95,1277.36
1999-09-28 16:00:00,1285.39,1256.29
1999-09-29 16:00:00,1289.16,1268.16
1999-09-30 16:00:00,1291.32,1268.37
1999-10-01 16:00:00,1283.19,1265.86
1999-10-04 16:00:00,1304.6,1282.81
1999-10-05 16:00:00,1316.43,1286.44
1999-10-06 16:00:00,1325.46,1301.35
1999-10-07 16:00:00,1328.03,1314.13
1999-10-08 16:00:00,1336.57,1311.72
1999-10-11 16:00:00,1339.23,1324.4
1999-10-12 16:00:00,1335.77,1311.8
1999-10-13 16:00:00,1313.04,1282.8
1999-10-14 16:00:00,1289.59,1267.81
1999-10-15 16:00:00,1283.42,1245.39
1999-10-18 16:00:00,1254.13,1233.66
1999-10-19 16:00:00,1279.3,1254.13
1999-10-20 16:00:00,1289.44,1261.32
1999-10-21 16:00:00,1289.43,1265.61
1999-10-22 16:00:00,1308.89,1283.61
1999-10-25 16:00:00,1301.83,1286.08
1999-10-26 16:00:00,1303.44,1281.86
1999-10-27 16:00:00,1299.39,1280.48
1999-10-28 16:00:00,1342.47,1296.71
1999-10-29 16:00:00,1373.22,1342.44
1999-11-01 16:00:00,1367.37,1353.92
1999-11-02 16:00:00,1369.44,1346.49
1999-11-03 16:00:00,1360.44,1347.74
1999-11-04 16:00:00,1369.4,1354.93
1999-11-05 16:00:00,1387.49,1362.64
1999-11-08 16:00:00,1380.78,1365.87
1999-11-09 16:00:00,1383.81,1361.45
1999-11-10 16:00:00,1379.26,1360.19
1999-11-11 16:00:00,1382.12,1372.2
1999-11-12 16:00:00,1396.12,1367.97
1999-11-15 16:00:00,1398.59,1392.17
1999-11-16 16:00:00,1420.36,1394.39
1999-11-17 16:00:00,1423.55,1410.69
1999-11-18 16:00:00,1425.27,1410.71
1999-11-19 16:00:00,1424.94,1417.61
1999-11-22 16:00:00,1425.15,1412.3
1999-11-23 16:00:00,1424.1,1402.2
1999-11-24 16:00:00,1419.71,1399.17
1999-11-26 16:00:00,1425.24,1416.14
1999-11-29 16:00:00,1416.62,1404.15
1999-11-30 16:00:00,1410.59,1386.95
1999-12-01 16:00:00,1400.12,1387.38
1999-12-02 16:00:00,1409.04,1397.72
1999-12-03 16:00:00,1447.42,1413.25
1999-12-06 16:00:00,1434.19,1418.25
1999-12-07 16:00:00,1426.81,1409.17
1999-12-08 16:00:00,1415.66,1403.88
1999-12-09 16:00:00,1418.46,1391.5
1999-12-10 16:00:00,1421.58,1405.65
1999-12-13 16:00:00,1421.58,1410.23
1999-12-14 16:00:00,1418.3,1401.59
1999-12-15 16:00:00,1417.4,1395.93
1999-12-16 16:00:00,1423.11,1408.35
1999-12-17 16:00:00,1431.13,1418.78
1999-12-20 16:00:00,1429.21,1410.97
1999-12-21 16:00:00,1436.45,1414.87
1999-12-22 16:00:00,1440.02,1429.05
1999-12-23 16:00:00,1461.44,1436.13
1999-12-27 16:00:00,1463.14,1450.73
1999-12-28 16:00:00,1462.68,1452.74
1999-12-29 16:00:00,1467.47,1457.66
1999-12-30 16:00:00,1473.13,1462.6
1999-12-31 16:00:00,1472.42,1458.19
2000-01-03 16:00:00,1478,1438.36
2000-01-04 16:00:00,1449,1397.43
2000-01-05 16:00:00,1413.27,1377.68
2000-01-06 16:00:00,1411.9,1392.02
2000-01-07 16:00:00,1441.47,1400.73
2000-01-10 16:00:00,1464.36,1441.47
2000-01-11 16:00:00,1458.66,1434.42
2000-01-12 16:00:00,1442.6,1427.08
2000-01-13 16:00:00,1454.2,1432.25
2000-01-14 16:00:00,1473,1449.68
2000-01-18 16:00:00,1465.15,1451.3
2000-01-19 16:00:00,1461.39,1448.68
2000-01-20 16:00:00,1465.71,1438.54
2000-01-21 16:00:00,1452.73,1439.6
2000-01-24 16:00:00,1454.09,1395.42
2000-01-25 16:00:00,1414.26,1388.49
2000-01-26 16:00:00,1412.73,1400.16
2000-01-27 16:00:00,1418.86,1380.87
2000-01-28 16:00:00,1397.73,1356.2
2000-01-31 16:00:00,1394.5,1350.05
2000-02-01 16:00:00,1412.49,1384.79
2000-02-02 16:00:00,1420.61,1403.49
2000-02-03 16:00:00,1425.78,1398.52
2000-02-04 16:00:00,1435.91,1420.63
2000-02-07 16:00:00,1427.15,1413.33
2000-02-08 16:00:00,1441.83,1424.24
2000-02-09 16:00:00,1444.55,1411.65
2000-02-10 16:00:00,1422.1,1406.43
2000-02-11 16:00:00,1416.83,1378.89
2000-02-14 16:00:00,1394.79,1380.53
2000-02-15 16:00:00,1407.72,1376.25
2000-02-16 16:00:00,1404.55,1385.58
2000-02-17 16:00:00,1399.88,1380.07
2000-02-18 16:00:00,1388.59,1345.32
2000-02-22 16:00:00,1358.11,1331.88
2000-02-23 16:00:00,1370.11,1342.44
2000-02-24 16:00:00,1364.8,1329.88
2000-02-25 16:00:00,1362.14,1329.15
2000-02-28 16:00:00,1360.82,1325.02
2000-02-29 16:00:00,1369.63,1348.05
2000-03-01 16:00:00,1383.46,1366.42
2000-03-02 16:00:00,1386.56,1370.35
2000-03-03 16:00:00,1410.77,1381.76
2000-03-06 16:00:00,1409.74,1384.75
2000-03-07 16:00:00,1399.21,1349.99
2000-03-08 16:00:00,1373.79,1346.62
2000-03-09 16:00:00,1401.82,1357.59
2000-03-10 16:00:00,1413.45,1392.07
2000-03-13 16:00:00,1398.39,1364.84
2000-03-14 16:00:00,1395.38,1359.15
2000-03-15 16:00:00,1397.99,1356.99
2000-03-16 16:00:00,1458.47,1394.9
2000-03-17 16:00:00,1477.33,1453.27
2000-03-20 16:00:00,1470.74,1448.43
2000-03-21 16:00:00,1493.92,1446.06
2000-03-22 16:00:00,1505.08,1487.33
2000-03-23 16:00:00,1532.5,1492.39
2000-03-24 16:00:00,1552.87,1516.83
2000-03-27 16:00:00,1533.81,1518.46
2000-03-28 16:00:00,1527.36,1507.09
2000-03-29 16:00:00,1521.45,1497.45
2000-03-30 16:00:00,1517.38,1474.63
2000-03-31 16:00:00,1519.81,1484.38
2000-04-03 16:00:00,1507.19,1487.63
2000-04-04 16:00:00,1526.45,1416.41
2000-04-05 16:00:00,1506.55,1478.05
2000-04-06 16:00:00,1511.76,1487.37
2000-04-07 16:00:00,1518.68,1503.05
2000-04-10 16:00:00,1527.19,1503.35
2000-04-11 16:00:00,1512.8,1486.84
2000-04-12 16:00:00,1509.1,1466.15
2000-04-13 16:00:00,1477.52,1439.34
2000-04-14 16:00:00,1440.51,1339.4
2000-04-17 16:00:00,1401.53,1346.5
2000-04-18 16:00:00,1441.61,1397.81
2000-04-19 16:00:00,1447.69,1424.26
2000-04-20 16:00:00,1435.49,1422.08
2000-04-24 16:00:00,1434.54,1407.13
2000-04-25 16:00:00,1477.67,1438.42
2000-04-26 16:00:00,1482.94,1456.98
2000-04-27 16:00:00,1469.21,1434.81
2000-04-28 16:00:00,1473.62,1448.15
2000-05-01 16:00:00,1481.51,1452.43
2000-05-02 16:00:00,1468.25,1445.22
2000-05-03 16:00:00,1446.29,1398.36
2000-05-04 16:00:00,1420.99,1404.94
2000-05-05 16:00:00,1436.03,1405.08
2000-05-08 16:00:00,1432.63,1417.05
2000-05-09 16:00:00,1430.28,1401.85
2000-05-10 16:00:00,1412.14,1375.14
2000-05-11 16:00:00,1410.26,1383.05
2000-05-12 16:00:00,1430.13,1407.81
2000-05-15 16:00:00,1452.39,1416.54
2000-05-16 16:00:00,1470.4,1450.76
2000-05-17 16:00:00,1466.04,1441.67
2000-05-18 16:00:00,1458.04,1436.59
2000-05-19 16:00:00,1437.21,1401.74
2000-05-22 16:00:00,1410.55,1368.73
2000-05-23 16:00:00,1404.04,1373.6
2000-05-24 16:00:00,1401.75,1361.09
2000-05-25 16:00:00,1409.39,1373.93
2000-05-26 16:00:00,1391.42,1369.75
2000-05-30 16:00:00,1422.45,1378.02
2000-05-31 16:00:00,1434.49,1415.5
2000-06-01 16:00:00,1448.81,1420.6
2000-06-02 16:00:00,1483.23,1448.81
2000-06-05 16:00:00,1477.28,1464.68
2000-06-06 16:00:00,1471.36,1454.74
2000-06-07 16:00:00,1474.64,1455.06
2000-06-08 16:00:00,1475.65,1456.49
2000-06-09 16:00:00,1472.67,1454.96
2000-06-12 16:00:00,1462.93,1445.99
2000-06-13 16:00:00,1470.42,1442.38
2000-06-14 16:00:00,1483.62,1467.71
2000-06-15 16:00:00,1482.04,1464.62
2000-06-16 16:00:00,1480.77,1460.42
2000-06-19 16:00:00,1488.93,1459.05
2000-06-20 16:00:00,1487.32,1470.18
2000-06-21 16:00:00,1482.19,1468
2000-06-22 16:00:00,1479.13,1448.03
2000-06-23 16:00:00,1459.94,1438.31
2000-06-26 16:00:00,1459.66,1441.48
2000-06-27 16:00:00,1463.44,1450.55
2000-06-28 16:00:00,1467.6,1451.51
2000-06-29 16:00:00,1455.14,1434.63
2000-06-30 16:00:00,1454.68,1438.71
2000-07-03 16:00:00,1469.58,1450.85
2000-07-05 16:00:00,1469.54,1442.45
2000-07-06 16:00:00,1461.65,1439.56
2000-07-07 16:00:00,1484.12,1456.67
2000-07-10 16:00:00,1486.56,1474.76
2000-07-11 16:00:00,1488.77,1470.48
2000-07-12 16:00:00,1497.69,1480.88
2000-07-13 16:00:00,1501.39,1489.65
2000-07-14 16:00:00,1509.99,1494.8
2000-07-17 16:00:00,1517.22,1505.26
2000-07-18 16:00:00,1510.49,1491.35
2000-07-19 16:00:00,1494.99,1479.92
2000-07-20 16:00:00,1501.92,1481.96
2000-07-21 16:00:00,1495.57,1477.91
2000-07-24 16:00:00,1485.88,1463.8
2000-07-25 16:00:00,1476.23,1464.29
2000-07-26 16:00:00,1472.08,1452.42
2000-07-27 16:00:00,1464.91,1445.43
2000-07-28 16:00:00,1456.68,1413.89
2000-07-31 16:00:00,1437.65,1418.71
2000-08-01 16:00:00,1443.54,1428.96
2000-08-02 16:00:00,1451.59,1434.08
2000-08-03 16:00:00,1454.19,1425.43
2000-08-04 16:00:00,1462.93,1452.06
2000-08-07 16:00:00,1480.8,1460.72
2000-08-08 16:00:00,1484.4,1472.53
2000-08-09 16:00:00,1490.37,1471.32
2000-08-10 16:00:00,1475.19,1459.85
2000-08-11 16:00:00,1475.72,1453.06
2000-08-14 16:00:00,1491.64,1468.56
2000-08-15 16:00:00,1493.12,1482.74
2000-08-16 16:00:00,1496.09,1475.74
2000-08-17 16:00:00,1499.32,1479.85
2000-08-18 16:00:00,1499.47,1488.99
2000-08-21 16:00:00,1502.84,1491.13
2000-08-22 16:00:00,1508.45,1497.42
2000-08-23 16:00:00,1507.2,1489.52
2000-08-24 16:00:00,1511.16,1501.25
2000-08-25 16:00:00,1513.47,1505.09
2000-08-28 16:00:00,1523.95,1506.45
2000-08-29 16:00:00,1514.89,1505.48
2000-08-30 16:00:00,1510.49,1500.09
2000-08-31 16:00:00,1525.21,1502.59
2000-09-01 16:00:00,1530.09,1515.53
2000-09-05 16:00:00,1520.77,1503.75
2000-09-06 16:00:00,1512.61,1492.12
2000-09-07 16:00:00,1505.34,1492.25
2000-09-08 16:00:00,1502.51,1489.88
2000-09-11 16:00:00,1506.76,1483.01
2000-09-12 16:00:00,1496.93,1479.67
2000-09-13 16:00:00,1487.45,1473.61
2000-09-14 16:00:00,1494.16,1476.73
2000-09-15 16:00:00,1480.96,1460.22
2000-09-18 16:00:00,1467.77,1441.92
2000-09-19 16:00:00,1461.16,1444.51
2000-09-20 16:00:00,1460.49,1430.95
2000-09-21 16:00:00,1452.77,1436.3
2000-09-22 16:00:00,1449.05,1421.08
2000-09-25 16:00:00,1457.42,1435.93
2000-09-26 16:00:00,1448.04,1425.25
2000-09-27 16:00:00,1437.22,1419.44
2000-09-28 16:00:00,1461.69,1425.78
2000-09-29 16:00:00,1458.29,1436.29
2000-10-02 16:00:00,1445.6,1429.83
2000-10-03 16:00:00,1454.82,1425.28
2000-10-04 16:00:00,1439.99,1416.31
2000-10-05 16:00:00,1444.17,1431.8
2000-10-06 16:00:00,1443.3,1397.06
2000-10-09 16:00:00,1409.69,1392.48
2000-10-10 16:00:00,1408.83,1383.85
2000-10-11 16:00:00,1387.02,1349.67
2000-10-12 16:00:00,1374.93,1328.06
2000-10-13 16:00:00,1374.17,1326.81
2000-10-16 16:00:00,1379.48,1365.06
2000-10-17 16:00:00,1380.99,1342.34
2000-10-18 16:00:00,1356.65,1305.79
2000-10-19 16:00:00,1389.93,1342.13
2000-10-20 16:00:00,1408.47,1382.19
2000-10-23 16:00:00,1406.96,1387.75
2000-10-24 16:00:00,1415.64,1388.13
2000-10-25 16:00:00,1393.29,1362.21
2000-10-26 16:00:00,1372.72,1337.77
2000-10-27 16:00:00,1384.57,1364.13
2000-10-30 16:00:00,1406.36,1376.86
2000-10-31 16:00:00,1432.22,1398.66
2000-11-01 16:00:00,1429.6,1410.45
2000-11-02 16:00:00,1433.27,1421.13
2000-11-03 16:00:00,1433.21,1420.92
2000-11-06 16:00:00,1438.46,1427.72
2000-11-07 16:00:00,1436.22,1423.26
2000-11-08 16:00:00,1437.28,1408.78
2000-11-09 16:00:00,1409.28,1369.68
2000-11-10 16:00:00,1393.22,1365.97
2000-11-13 16:00:00,1365.98,1328.62
2000-11-14 16:00:00,1390.06,1351.26
2000-11-15 16:00:00,1395.96,1374.75
2000-11-16 16:00:00,1394.68,1370.4
2000-11-17 16:00:00,1384.85,1355.55
2000-11-20 16:00:00,1367.72,1341.67
2000-11-21 16:00:00,1355.8,1333.62
2000-11-22 16:00:00,1347.35,1321.89
2000-11-24 16:00:00,1343.83,1328.84
2000-11-27 16:00:00,1362.5,1341.77
2000-11-28 16:00:00,1358.81,1334.97
2000-11-29 16:00:00,1352.38,1329.28
2000-11-30 16:00:00,1341.91,1294.9
2000-12-01 16:00:00,1334.67,1307.02
2000-12-04 16:00:00,1332.06,1310.23
2000-12-05 16:00:00,1376.56,1333.47
2000-12-06 16:00:00,1376.01,1346.15
2000-12-07 16:00:00,1353.5,1339.26
2000-12-08 16:00:00,1380.33,1353.1
2000-12-11 16:00:00,1389.05,1364.14
2000-12-12 16:00:00,1380.27,1370.27
2000-12-13 16:00:00,1385.82,1358.48
2000-12-14 16:00:00,1359.99,1340.48
2000-12-15 16:00:00,1336.59,1305.38
2000-12-18 16:00:00,1332.32,1316.32
2000-12-19 16:00:00,1346.44,1305.2
2000-12-20 16:00:00,1305.6,1261.16
2000-12-21 16:00:00,1285.31,1254.07
2000-12-22 16:00:00,1305.97,1279.47
2000-12-26 16:00:00,1315.94,1301.64
2000-12-27 16:00:00,1332.03,1310.96
2000-12-28 16:00:00,1335.93,1325.78
2000-12-29 16:00:00,1340.1,1317.51
2001-01-02 16:00:00,1320.28,1276.05
2001-01-03 16:00:00,1347.76,1274.62
2001-01-04 16:00:00,1350.24,1329.14
2001-01-05 16:00:00,1334.77,1294.95
2001-01-08 16:00:00,1296.97,1276.29
2001-01-09 16:00:00,1311.72,1295.14
2001-01-10 16:00:00,1313.76,1287.28
2001-01-11 16:00:00,1332.19,1300.8
2001-01-12 16:00:00,1333.21,1311.59
2001-01-16 16:00:00,1327.81,1313.33
2001-01-17 16:00:00,1346.92,1325.41
2001-01-18 16:00:00,1352.71,1327.41
2001-01-19 16:00:00,1354.55,1336.74
2001-01-22 16:00:00,1353.62,1333.84
2001-01-23 16:00:00,1362.9,1339.63
2001-01-24 16:00:00,1369.75,1357.28
2001-01-25 16:00:00,1369.75,1354.63
2001-01-26 16:00:00,1357.48,1342.75
2001-01-29 16:00:00,1365.54,1350.36
2001-01-30 16:00:00,1375.68,1356.2
2001-01-31 16:00:00,1383.37,1364.66
2001-02-01 16:00:00,1373.5,1359.34
2001-02-02 16:00:00,1376.38,1348.72
2001-02-05 16:00:00,1354.56,1344.48
2001-02-06 16:00:00,1363.55,1350.04
2001-02-07 16:00:00,1351.8,1334.26
2001-02-08 16:00:00,1350.32,1332.42
2001-02-09 16:00:00,1330.39,1309.98
2001-02-12 16:00:00,1330.96,1313.64
2001-02-13 16:00:00,1336.62,1317.51
2001-02-14 16:00:00,1320.73,1304.72
2001-02-15 16:00:00,1331.29,1315.92
2001-02-16 16:00:00,1314.31,1293.18
2001-02-20 16:00:00,1307.16,1278.44
2001-02-21 16:00:00,1282.97,1253.16
2001-02-22 16:00:00,1259.94,1228.33
2001-02-23 16:00:00,1250.06,1215.44
2001-02-26 16:00:00,1267.69,1241.71
2001-02-27 16:00:00,1272.76,1252.26
2001-02-28 16:00:00,1263.47,1229.65
2001-03-01 16:00:00,1241.36,1214.5
2001-03-02 16:00:00,1251.01,1219.74
2001-03-05 16:00:00,1242.55,1234.04
2001-03-06 16:00:00,1267.42,1243.88
2001-03-07 16:00:00,1263.86,1253.8
2001-03-08 16:00:00,1266.5,1257.6
2001-03-09 16:00:00,1262.1,1228.42
2001-03-12 16:00:00,1228.88,1176.78
2001-03-13 16:00:00,1197.83,1171.5
2001-03-14 16:00:00,1197.45,1155.35
2001-03-15 16:00:00,1182.04,1170.83
2001-03-16 16:00:00,1170.96,1148.64
2001-03-19 16:00:00,1173.5,1147.18
2001-03-20 16:00:00,1180.56,1142.19
2001-03-21 16:00:00,1149.39,1118.74
2001-03-22 16:00:00,1124.27,1081.19
2001-03-23 16:00:00,1141.83,1081.19
2001-03-26 16:00:00,1160.02,1140.15
2001-03-27 16:00:00,1183.35,1150.96
2001-03-28 16:00:00,1178.04,1147.83
2001-03-29 16:00:00,1161.69,1136.26
2001-03-30 16:00:00,1162.8,1143.83
2001-04-02 16:00:00,1169.51,1137.51
2001-04-03 16:00:00,1144.04,1100.19
2001-04-04 16:00:00,1117.5,1091.99
2001-04-05 16:00:00,1151.47,1109.98
2001-04-06 16:00:00,1148.44,1119.29
2001-04-09 16:00:00,1146.13,1126.38
2001-04-10 16:00:00,1173.92,1137.59
2001-04-11 16:00:00,1182.24,1160.26
2001-04-12 16:00:00,1183.51,1157.73
2001-04-16 16:00:00,1184.64,1167.38
2001-04-17 16:00:00,1192.25,1168.9
2001-04-18 16:00:00,1248.42,1200.58
2001-04-19 16:00:00,1253.71,1233.39
2001-04-20 16:00:00,1252.88,1234.41
2001-04-23 16:00:00,1242.98,1217.47
2001-04-24 16:00:00,1233.54,1208.89
2001-04-25 16:00:00,1232.36,1207.38
2001-04-26 16:00:00,1248.3,1231.64
2001-04-27 16:00:00,1253.07,1238.28
2001-04-30 16:00:00,1269.3,1243.99
2001-05-01 16:00:00,1266.47,1243.55
2001-05-02 16:00:00,1272.93,1257.7
2001-05-03 16:00:00,1264.43,1239.88
2001-05-04 16:00:00,1267.51,1232
2001-05-07 16:00:00,1270,1259.19
2001-05-08 16:00:00,1267.01,1253
2001-05-09 16:00:00,1261.65,1247.83
2001-05-10 16:00:00,1268.14,1254.56
2001-05-11 16:00:00,1259.84,1240.79
2001-05-14 16:00:00,1249.68,1241.02
2001-05-15 16:00:00,1257.45,1245.36
2001-05-16 16:00:00,1286.39,1243.02
2001-05-17 16:00:00,1296.48,1282.65
2001-05-18 16:00:00,1292.06,1281.15
2001-05-21 16:00:00,1312.95,1287.87
2001-05-22 16:00:00,1315.93,1306.92
2001-05-23 16:00:00,1308.36,1288.7
2001-05-24 16:00:00,1295.04,1281.22
2001-05-25 16:00:00,1293.17,1276.42
2001-05-29 16:00:00,1278.42,1265.41
2001-05-30 16:00:00,1265.44,1245.96
2001-05-31 16:00:00,1261.91,1248.07
2001-06-01 16:00:00,1265.34,1246.88
2001-06-04 16:00:00,1267.17,1256.36
2001-06-05 16:00:00,1286.62,1267.28
2001-06-06 16:00:00,1283.85,1269.01
2001-06-07 16:00:00,1277.08,1265.08
2001-06-08 16:00:00,1277.11,1259.99
2001-06-11 16:00:00,1264.96,1249.23
2001-06-12 16:00:00,1261,1235.75
2001-06-13 16:00:00,1259.75,1241.59
2001-06-14 16:00:00,1241.6,1218.9
2001-06-15 16:00:00,1221.5,1203.03
2001-06-18 16:00:00,1221.23,1208.33
2001-06-19 16:00:00,1226.11,1207.71
2001-06-20 16:00:00,1225.61,1210.07
2001-06-21 16:00:00,1240.24,1220.25
2001-06-22 16:00:00,1237.73,1221.41
2001-06-25 16:00:00,1231.5,1213.6
2001-06-26 16:00:00,1220.7,1204.64
2001-06-27 16:00:00,1219.92,1207.29
2001-06-28 16:00:00,1234.44,1211.08
2001-06-29 16:00:00,1237.29,1221.14
2001-07-02 16:00:00,1239.78,1224.03
2001-07-03 16:00:00,1236.21,1229.43
2001-07-05 16:00:00,1234.05,1219.15
2001-07-06 16:00:00,1219.1,1188.74
2001-07-09 16:00:00,1201.76,1189.75
2001-07-10 16:00:00,1203.43,1179.93
2001-07-11 16:00:00,1184.93,1168.46
2001-07-12 16:00:00,1210.25,1187.55
2001-07-13 16:00:00,1218.54,1203.61
2001-07-16 16:00:00,1219.63,1200.05
2001-07-17 16:00:00,1215.36,1196.14
2001-07-18 16:00:00,1211.16,1198.33
2001-07-19 16:00:00,1225.04,1205.8
2001-07-20 16:00:00,1215.69,1207.04
2001-07-23 16:00:00,1215.22,1190.5
2001-07-24 16:00:00,1190.14,1165.54
2001-07-25 16:00:00,1190.52,1171.28
2001-07-26 16:00:00,1204.18,1182.65
2001-07-27 16:00:00,1209.26,1195.99
2001-07-30 16:00:00,1209.05,1200.41
2001-07-31 16:00:00,1222.74,1205.32
2001-08-01 16:00:00,1223.04,1212.33
2001-08-02 16:00:00,1226.38,1215.31
2001-08-03 16:00:00,1220.75,1205.31
2001-08-06 16:00:00,1211.9,1197.35
2001-08-07 16:00:00,1207.56,1195.64
2001-08-08 16:00:00,1206.79,1181.27
2001-08-09 16:00:00,1184.71,1174.68
2001-08-10 16:00:00,1193.33,1169.55
2001-08-13 16:00:00,1193.82,1185.12
2001-08-14 16:00:00,1198.79,1184.26
2001-08-15 16:00:00,1191.21,1177.61
2001-08-16 16:00:00,1181.8,1166.08
2001-08-17 16:00:00,1173.54,1156.07
2001-08-20 16:00:00,1171.41,1160.94
2001-08-21 16:00:00,1179.85,1156.56
2001-08-22 16:00:00,1168.56,1153.34
2001-08-23 16:00:00,1169.86,1160.96
2001-08-24 16:00:00,1185.12,1162.79
2001-08-27 16:00:00,1186.85,1178.07
2001-08-28 16:00:00,1179.66,1161.17
2001-08-29 16:00:00,1166.97,1147.38
2001-08-30 16:00:00,1151.75,1124.87
2001-08-31 16:00:00,1141.83,1126.38
2001-09-04 16:00:00,1155.4,1129.06
2001-09-05 16:00:00,1155.4,1114.86
2001-09-06 16:00:00,1128.95,1105.83
2001-09-07 16:00:00,1105.82,1082.12
2001-09-10 16:00:00,1096.94,1073.15
2001-09-11 16:00:00,1092.54,1092.54
2001-09-17 16:00:00,1092.54,1037.46
2001-09-18 16:00:00,1046.42,1029.25
2001-09-19 16:00:00,1038.91,984.62
2001-09-20 16:00:00,998.47,984.49
2001-09-21 16:00:00,984.54,944.75
2001-09-24 16:00:00,1008.44,969.73
2001-09-25 16:00:00,1017.14,998.33
2001-09-26 16:00:00,1020.29,1002.62
2001-09-27 16:00:00,1018.92,998.24
2001-09-28 16:00:00,1040.94,1019.73
2001-10-01 16:00:00,1040.2,1026.76
2001-10-02 16:00:00,1051.33,1034.47
2001-10-03 16:00:00,1075.38,1041.48
2001-10-04 16:00:00,1084.12,1067.82
2001-10-05 16:00:00,1072.35,1053.5
2001-10-08 16:00:00,1071.37,1056.88
2001-10-09 16:00:00,1063.37,1053.83
2001-10-10 16:00:00,1081.62,1052.7
2001-10-11 16:00:00,1099.16,1082.44
2001-10-12 16:00:00,1095.96,1072.15
2001-10-15 16:00:00,1090.54,1078.19
2001-10-16 16:00:00,1101.66,1087.13
2001-10-17 16:00:00,1107.12,1076.57
2001-10-18 16:00:00,1077.94,1064.54
2001-10-19 16:00:00,1075.52,1057.24
2001-10-22 16:00:00,1090.57,1070.32
2001-10-23 16:00:00,1098.99,1081.53
2001-10-24 16:00:00,1090.26,1079.98
2001-10-25 16:00:00,1100.09,1065.64
2001-10-26 16:00:00,1110.61,1094.24
2001-10-29 16:00:00,1103.95,1078.3
2001-10-30 16:00:00,1075.56,1053.61
2001-10-31 16:00:00,1074.79,1057.55
2001-11-01 16:00:00,1085.61,1054.31
2001-11-02 16:00:00,1089.63,1075.58
2001-11-05 16:00:00,1106.72,1087.45
2001-11-06 16:00:00,1119.73,1095.36
2001-11-07 16:00:00,1126.62,1112.98
2001-11-08 16:00:00,1135.75,1115.42
2001-11-09 16:00:00,1123.02,1111.13
2001-11-12 16:00:00,1121.71,1098.32
2001-11-13 16:00:00,1139.14,1122.23
2001-11-14 16:00:00,1148.28,1132.87
2001-11-15 16:00:00,1146.46,1135.06
2001-11-16 16:00:00,1143.52,1129.92
2001-11-19 16:00:00,1151.06,1140.08
2001-11-20 16:00:00,1152.45,1142.17
2001-11-21 16:00:00,1141.32,1129.78
2001-11-23 16:00:00,1151.05,1135.9
2001-11-26 16:00:00,1157.88,1146.17
2001-11-27 16:00:00,1163.38,1140.81
2001-11-28 16:00:00,1148.1,1128.29
2001-11-29 16:00:00,1140.4,1125.51
2001-11-30 16:00:00,1143.57,1135.89
2001-12-03 16:00:00,1137.53,1125.78
2001-12-04 16:00:00,1144.8,1128.86
2001-12-05 16:00:00,1173.62,1145.05
2001-12-06 16:00:00,1173.35,1164.43
2001-12-07 16:00:00,1166.81,1152.66
2001-12-10 16:00:00,1158.14,1139.66
2001-12-11 16:00:00,1150.89,1134.32
2001-12-12 16:00:00,1141.58,1126.01
2001-12-13 16:00:00,1133.2,1117.85
2001-12-14 16:00:00,1128.28,1104.5
2001-12-17 16:00:00,1137.36,1122.34
2001-12-18 16:00:00,1145.1,1135.41
2001-12-19 16:00:00,1152.44,1134.75
2001-12-20 16:00:00,1151.42,1139.93
2001-12-21 16:00:00,1147.83,1139.93
2001-12-24 16:00:00,1147.83,1144.62
2001-12-26 16:00:00,1159.18,1145.06
2001-12-27 16:00:00,1159.18,1145.06
2001-12-28 16:00:00,1164.64,1157.8
2001-12-31 16:00:00,1161.16,1148.04
2002-01-02 16:00:00,1154.67,1136.23
2002-01-03 16:00:00,1165.27,1154.01
2002-01-04 16:00:00,1176.55,1163.42
2002-01-07 16:00:00,1176.97,1163.55
2002-01-08 16:00:00,1167.6,1157.46
2002-01-09 16:00:00,1174.26,1151.89
2002-01-10 16:00:00,1159.93,1150.85
2002-01-11 16:00:00,1159.41,1145.45
2002-01-14 16:00:00,1145.34,1138.15
2002-01-15 16:00:00,1148.81,1136.88
2002-01-16 16:00:00,1143.72,1127.49
2002-01-17 16:00:00,1139.27,1130.31
2002-01-18 16:00:00,1138.88,1124.45
2002-01-22 16:00:00,1135.26,1117.91
2002-01-23 16:00:00,1131.94,1117.43
2002-01-24 16:00:00,1139.5,1130.42
2002-01-25 16:00:00,1138.31,1127.82
2002-01-28 16:00:00,1138.63,1126.66
2002-01-29 16:00:00,1137.47,1098.74
2002-01-30 16:00:00,1113.79,1081.66
2002-01-31 16:00:00,1130.21,1113.3
2002-02-01 16:00:00,1129.4,1118.51
2002-02-04 16:00:00,1122.09,1092.25
2002-02-05 16:00:00,1100.96,1082.58
2002-02-06 16:00:00,1093.58,1077.78
2002-02-07 16:00:00,1094.03,1078.44
2002-02-08 16:00:00,1096.3,1079.91
2002-02-11 16:00:00,1112.01,1094.68
2002-02-12 16:00:00,1112.68,1102.98
2002-02-13 16:00:00,1120.56,1107.5
2002-02-14 16:00:00,1124.72,1112.3
2002-02-15 16:00:00,1117.09,1103.23
2002-02-19 16:00:00,1102.16,1082.24
2002-02-20 16:00:00,1098.32,1074.36
2002-02-21 16:00:00,1101.5,1080.24
2002-02-22 16:00:00,1093.93,1074.39
2002-02-25 16:00:00,1112.71,1090.83
2002-02-26 16:00:00,1115.05,1101.72
2002-02-27 16:00:00,1123.06,1102.26
2002-02-28 16:00:00,1121.57,1106.73
2002-03-01 16:00:00,1131.79,1108.74
2002-03-04 16:00:00,1153.84,1130.93
2002-03-05 16:00:00,1157.74,1144.78
2002-03-06 16:00:00,1165.29,1145.11
2002-03-07 16:00:00,1167.94,1150.69
2002-03-08 16:00:00,1172.76,1159.77
2002-03-11 16:00:00,1173.03,1159.58
2002-03-12 16:00:00,1168.26,1154.34
2002-03-13 16:00:00,1164.31,1151.01
2002-03-14 16:00:00,1157.83,1151.08
2002-03-15 16:00:00,1166.48,1153.45
2002-03-18 16:00:00,1172.73,1159.14
2002-03-19 16:00:00,1173.94,1165.55
2002-03-20 16:00:00,1170.19,1151.61
2002-03-21 16:00:00,1155.1,1139.48
2002-03-22 16:00:00,1156.49,1144.6
2002-03-25 16:00:00,1151.04,1131.87
2002-03-26 16:00:00,1147,1131.61
2002-03-27 16:00:00,1146.95,1135.33
2002-03-28 16:00:00,1154.45,1144.98
2002-04-01 16:00:00,1147.84,1132.87
2002-04-02 16:00:00,1143.01,1135.71
2002-04-03 16:00:00,1138.85,1119.68
2002-04-04 16:00:00,1130.45,1120.06
2002-04-05 16:00:00,1133.31,1119.49
2002-04-08 16:00:00,1125.41,1111.79
2002-04-09 16:00:00,1128.29,1116.73
2002-04-10 16:00:00,1131.76,1118.41
2002-04-11 16:00:00,1130.35,1102.42
2002-04-12 16:00:00,1112.77,1102.74
2002-04-15 16:00:00,1114.77,1099.41
2002-04-16 16:00:00,1129.4,1102.55
2002-04-17 16:00:00,1133,1123.37
2002-04-18 16:00:00,1130.49,1109.29
2002-04-19 16:00:00,1128.82,1122.59
2002-04-22 16:00:00,1122.68,1105.62
2002-04-23 16:00:00,1111.17,1098.94
2002-04-24 16:00:00,1108.46,1092.51
2002-04-25 16:00:00,1094.36,1084.81
2002-04-26 16:00:00,1096.77,1076.31
2002-04-29 16:00:00,1078.95,1063.62
2002-04-30 16:00:00,1082.62,1063.46
2002-05-01 16:00:00,1088.32,1065.29
2002-05-02 16:00:00,1091.42,1079.46
2002-05-03 16:00:00,1084.2,1068.89
2002-05-06 16:00:00,1075.96,1052.65
2002-05-07 16:00:00,1058.67,1048.96
2002-05-08 16:00:00,1088.92,1055.97
2002-05-09 16:00:00,1088.85,1072.23
2002-05-10 16:00:00,1075.43,1053.93
2002-05-13 16:00:00,1074.84,1053.9
2002-05-14 16:00:00,1097.71,1076.15
2002-05-15 16:00:00,1104.23,1088.94
2002-05-16 16:00:00,1099.29,1089.17
2002-05-17 16:00:00,1106.59,1096.77
2002-05-20 16:00:00,1104.1,1090.61
2002-05-21 16:00:00,1099.55,1079.08
2002-05-22 16:00:00,1086.02,1075.64
2002-05-23 16:00:00,1097.1,1080.55
2002-05-24 16:00:00,1095.99,1082.19
2002-05-28 16:00:00,1085.98,1070.31
2002-05-29 16:00:00,1074.83,1067.66
2002-05-30 16:00:00,1069.5,1054.26
2002-05-31 16:00:00,1079.93,1065.82
2002-06-03 16:00:00,1070.74,1039.9
2002-06-04 16:00:00,1046.06,1030.52
2002-06-05 16:00:00,1050.11,1038.84
2002-06-06 16:00:00,1049.33,1026.91
2002-06-07 16:00:00,1033.02,1012.49
2002-06-10 16:00:00,1038.18,1025.45
2002-06-11 16:00:00,1039.04,1012.94
2002-06-12 16:00:00,1021.85,1002.58
2002-06-13 16:00:00,1023.47,1008.12
2002-06-14 16:00:00,1009.13,981.63
2002-06-17 16:00:00,1036.17,1007.27
2002-06-18 16:00:00,1040.83,1030.92
2002-06-19 16:00:00,1037.61,1017.88
2002-06-20 16:00:00,1023.33,1004.59
2002-06-21 16:00:00,1005.89,985.65
2002-06-24 16:00:00,1002.11,970.85
2002-06-25 16:00:00,1005.88,974.21
2002-06-26 16:00:00,977.43,952.92
2002-06-27 16:00:00,990.67,963.74
2002-06-28 16:00:00,1001.79,988.31
2002-07-01 16:00:00,994.46,967.43
2002-07-02 16:00:00,968.59,945.54
2002-07-03 16:00:00,954.3,934.87
2002-07-05 16:00:00,989.07,956.03
2002-07-08 16:00:00,993.56,972.91
2002-07-09 16:00:00,979.63,951.71
2002-07-10 16:00:00,956.34,920.29
2002-07-11 16:00:00,929.16,900.94
2002-07-12 16:00:00,934.31,913.71
2002-07-15 16:00:00,920.99,876.46
2002-07-16 16:00:00,918.65,897.13
2002-07-17 16:00:00,926.52,895.03
2002-07-18 16:00:00,907.8,880.6
2002-07-19 16:00:00,877.75,842.07
2002-07-22 16:00:00,854.13,813.26
2002-07-23 16:00:00,827.69,796.13
2002-07-24 16:00:00,844.32,775.68
2002-07-25 16:00:00,853.83,816.11
2002-07-26 16:00:00,852.85,835.92
2002-07-29 16:00:00,898.96,855.2
2002-07-30 16:00:00,909.81,884.7
2002-07-31 16:00:00,911.64,889.88
2002-08-01 16:00:00,910.7,882.48
2002-08-02 16:00:00,884.72,853.95
2002-08-05 16:00:00,864.07,833.44
2002-08-06 16:00:00,874.44,837.09
2002-08-07 16:00:00,878.74,854.15
2002-08-08 16:00:00,905.84,875.17
2002-08-09 16:00:00,913.95,890.77
2002-08-12 16:00:00,908.54,892.38
2002-08-13 16:00:00,911.71,883.62
2002-08-14 16:00:00,920.21,876.2
2002-08-15 16:00:00,933.29,918.17
2002-08-16 16:00:00,935.38,916.21
2002-08-19 16:00:00,951.17,927.21
2002-08-20 16:00:00,949.05,931.86
2002-08-21 16:00:00,951.59,931.32
2002-08-22 16:00:00,965,946.43
2002-08-23 16:00:00,960.59,937.17
2002-08-26 16:00:00,950.8,930.42
2002-08-27 16:00:00,955.82,930.36
2002-08-28 16:00:00,932.72,915.35
2002-08-29 16:00:00,924.59,903.33
2002-08-30 16:00:00,928.15,910.17
2002-09-03 16:00:00,916.07,877.51
2002-09-04 16:00:00,896.1,875.73
2002-09-05 16:00:00,890.32,870.5
2002-09-06 16:00:00,899.07,883.2
2002-09-09 16:00:00,907.34,882.92
2002-09-10 16:00:00,909.89,900.5
2002-09-11 16:00:00,924.02,908.47
2002-09-12 16:00:00,908.36,884.84
2002-09-13 16:00:00,892.75,877.05
2002-09-16 16:00:00,891.84,878.91
2002-09-17 16:00:00,902.68,872.38
2002-09-18 16:00:00,878.45,857.39
2002-09-19 16:00:00,867.14,843.09
2002-09-20 16:00:00,849.32,839.09
2002-09-23 16:00:00,843.68,825.76
2002-09-24 16:00:00,833.32,817.38
2002-09-25 16:00:00,844.22,818.46
2002-09-26 16:00:00,856.6,841.26
2002-09-27 16:00:00,853.75,826.84
2002-09-30 16:00:00,825.77,800.2
2002-10-01 16:00:00,847.93,812.82
2002-10-02 16:00:00,851.93,826.5
2002-10-03 16:00:00,840.02,817.25
2002-10-04 16:00:00,825.9,794.1
2002-10-07 16:00:00,808.21,782.96
2002-10-08 16:00:00,808.86,779.5
2002-10-09 16:00:00,796.92,775.8
2002-10-10 16:00:00,806.51,768.63
2002-10-11 16:00:00,843.27,806.05
2002-10-14 16:00:00,844.39,828.37
2002-10-15 16:00:00,881.27,847.62
2002-10-16 16:00:00,875.37,856.28
2002-10-17 16:00:00,885.35,862.22
2002-10-18 16:00:00,886.68,866.58
2002-10-21 16:00:00,899.72,873.18
2002-10-22 16:00:00,896.45,882.4
2002-10-23 16:00:00,896.14,873.82
2002-10-24 16:00:00,902.94,879
2002-10-25 16:00:00,897.71,877.03
2002-10-28 16:00:00,907.44,886.15
2002-10-29 16:00:00,890.64,867.91
2002-10-30 16:00:00,895.28,879.19
2002-10-31 16:00:00,898.83,879.75
2002-11-01 16:00:00,903.42,877.71
2002-11-04 16:00:00,924.58,905.45
2002-11-05 16:00:00,915.83,904.91
2002-11-06 16:00:00,925.66,905
2002-11-07 16:00:00,923.19,898.68
2002-11-08 16:00:00,910.11,891.62
2002-11-11 16:00:00,894.09,874.63
2002-11-12 16:00:00,894.3,877.39
2002-11-13 16:00:00,892.51,872.05
2002-11-14 16:00:00,904.27,887.29
2002-11-15 16:00:00,910.21,895.35
2002-11-18 16:00:00,915.91,899.48
2002-11-19 16:00:00,905.45,893.09
2002-11-20 16:00:00,915.01,894.93
2002-11-21 16:00:00,935.13,914.4
2002-11-22 16:00:00,937.28,928.41
2002-11-25 16:00:00,937.15,923.31
2002-11-26 16:00:00,929.95,912.1
2002-11-27 16:00:00,940.41,917.34
2002-11-29 16:00:00,941.82,935.58
2002-12-02 16:00:00,954.28,927.72
2002-12-03 16:00:00,932.89,918.73
2002-12-04 16:00:00,925.25,909.51
2002-12-05 16:00:00,921.49,905.9
2002-12-06 16:00:00,915.48,895.96
2002-12-09 16:00:00,910.96,891.97
2002-12-10 16:00:00,904.95,892.71
2002-12-11 16:00:00,909.94,896.48
2002-12-12 16:00:00,908.37,897
2002-12-13 16:00:00,901.58,888.48
2002-12-16 16:00:00,910.42,890.31
2002-12-17 16:00:00,911.22,901.74
2002-12-18 16:00:00,900.9,887.82
2002-12-19 16:00:00,899.19,880.32
2002-12-20 16:00:00,897.79,884.36
2002-12-23 16:00:00,902.43,892.26
2002-12-24 16:00:00,896.6,892.29
2002-12-26 16:00:00,903.89,887.48
2002-12-27 16:00:00,890.46,873.62
2002-12-30 16:00:00,882.1,870.23
2002-12-31 16:00:00,881.93,869.45
2003-01-02 16:00:00,909.03,881.44
2003-01-03 16:00:00,911.25,903.07
2003-01-06 16:00:00,931.77,909.04
2003-01-07 16:00:00,930.81,919.93
2003-01-08 16:00:00,922.93,908.32
2003-01-09 16:00:00,928.31,912.86
2003-01-10 16:00:00,932.89,917.66
2003-01-13 16:00:00,935.05,922.05
2003-01-14 16:00:00,931.66,921.72
2003-01-15 16:00:00,932.59,916.7
2003-01-16 16:00:00,926.03,911.98
2003-01-17 16:00:00,914.6,899.02
2003-01-21 16:00:00,906,887.62
2003-01-22 16:00:00,889.74,877.64
2003-01-23 16:00:00,890.25,876.89
2003-01-24 16:00:00,886.28,859.71
2003-01-27 16:00:00,863.95,844.25
2003-01-28 16:00:00,860.76,848.34
2003-01-29 16:00:00,868.72,845.86
2003-01-30 16:00:00,865.48,843.74
2003-01-31 16:00:00,858.33,840.34
2003-02-03 16:00:00,864.64,855.7
2003-02-04 16:00:00,858.02,840.19
2003-02-05 16:00:00,861.63,842.11
2003-02-06 16:00:00,843.69,833.25
2003-02-07 16:00:00,845.73,826.7
2003-02-10 16:00:00,837.16,823.53
2003-02-11 16:00:00,843.02,825.09
2003-02-12 16:00:00,832.12,818.49
2003-02-13 16:00:00,821.25,806.29
2003-02-14 16:00:00,834.89,815.03
2003-02-18 16:00:00,852.87,836.43
2003-02-19 16:00:00,851.17,838.79
2003-02-20 16:00:00,849.37,836.56
2003-02-21 16:00:00,852.28,837.11
2003-02-24 16:00:00,847.29,832.16
2003-02-25 16:00:00,839.55,818.54
2003-02-26 16:00:00,840.1,826.68
2003-02-27 16:00:00,842.19,827.71
2003-02-28 16:00:00,847,837.31
2003-03-03 16:00:00,852.34,832.74
2003-03-04 16:00:00,835.43,821.96
2003-03-05 16:00:00,829.87,819
2003-03-06 16:00:00,829.56,819.85
2003-03-07 16:00:00,829.55,811.23
2003-03-10 16:00:00,826.12,806.57
2003-03-11 16:00:00,814.25,800.3
2003-03-12 16:00:00,804.19,788.9
2003-03-13 16:00:00,832.02,806.48
2003-03-14 16:00:00,841.39,828.26
2003-03-17 16:00:00,862.79,827.17
2003-03-18 16:00:00,866.94,857.36
2003-03-19 16:00:00,874.99,861.21
2003-03-20 16:00:00,879.6,859.01
2003-03-21 16:00:00,895.89,877.65
2003-03-24 16:00:00,890.91,862.02
2003-03-25 16:00:00,879.87,862.59
2003-03-26 16:00:00,875.8,866.47
2003-03-27 16:00:00,874.15,858.09
2003-03-28 16:00:00,869.88,860.83
2003-03-31 16:00:00,863.18,843.68
2003-04-01 16:00:00,861.28,847.85
2003-04-02 16:00:00,884.57,858.48
2003-04-03 16:00:00,885.89,876.12
2003-04-04 16:00:00,882.73,874.23
2003-04-07 16:00:00,904.89,879.78
2003-04-08 16:00:00,883.11,874.68
2003-04-09 16:00:00,887.35,865.72
2003-04-10 16:00:00,871.78,862.76
2003-04-11 16:00:00,883.34,865.92
2003-04-14 16:00:00,885.26,868.51
2003-04-15 16:00:00,891.27,881.85
2003-04-16 16:00:00,896.77,877.93
2003-04-17 16:00:00,893.83,879.2
2003-04-21 16:00:00,898.01,888.17
2003-04-22 16:00:00,911.74,886.7
2003-04-23 16:00:00,919.74,909.89
2003-04-24 16:00:00,917.21,906.69
2003-04-25 16:00:00,911.13,897.52
2003-04-28 16:00:00,918.15,899.19
2003-04-29 16:00:00,924.24,911.1
2003-04-30 16:00:00,922.01,911.7
2003-05-01 16:00:00,919.68,902.83
2003-05-02 16:00:00,930.56,912.35
2003-05-05 16:00:00,933.88,924.55
2003-05-06 16:00:00,939.61,926.38
2003-05-07 16:00:00,937.22,926.41
2003-05-08 16:00:00,929.62,919.72
2003-05-09 16:00:00,933.77,921.85
2003-05-12 16:00:00,946.84,929.3
2003-05-13 16:00:00,947.51,938.91
2003-05-14 16:00:00,947.29,935.24
2003-05-15 16:00:00,948.23,938.79
2003-05-16 16:00:00,948.65,938.6
2003-05-19 16:00:00,942.46,920.23
2003-05-20 16:00:00,925.34,912.05
2003-05-21 16:00:00,923.85,914.91
2003-05-22 16:00:00,935.3,922.54
2003-05-23 16:00:00,935.2,927.42
2003-05-27 16:00:00,952.76,927.33
2003-05-28 16:00:00,959.39,950.12
2003-05-29 16:00:00,962.08,946.23
2003-05-30 16:00:00,965.38,950.7
2003-06-02 16:00:00,979.11,965.31
2003-06-03 16:00:00,973.02,964.47
2003-06-04 16:00:00,987.85,970.72
2003-06-05 16:00:00,990.14,978.13
2003-06-06 16:00:00,1007.69,986.01
2003-06-09 16:00:00,986.82,972.59
2003-06-10 16:00:00,984.84,975.93
2003-06-11 16:00:00,997.48,981.61
2003-06-12 16:00:00,1002.74,991.27
2003-06-13 16:00:00,1000.92,984.27
2003-06-16 16:00:00,1010.86,988.61
2003-06-17 16:00:00,1015.33,1007.04
2003-06-18 16:00:00,1015.12,1004.61
2003-06-19 16:00:00,1011.22,993.08
2003-06-20 16:00:00,1002.09,993.36
2003-06-23 16:00:00,995.25,977.4
2003-06-24 16:00:00,987.84,979.08
2003-06-25 16:00:00,991.64,974.86
2003-06-26 16:00:00,986.53,973.8
2003-06-27 16:00:00,988.88,974.03
2003-06-30 16:00:00,983.61,973.6
2003-07-01 16:00:00,983.26,962.1
2003-07-02 16:00:00,993.78,983.34
2003-07-03 16:00:00,995,983.34
2003-07-07 16:00:00,1005.56,985.7
2003-07-08 16:00:00,1008.92,998.73
2003-07-09 16:00:00,1010.43,998.17
2003-07-10 16:00:00,1000.24,983.63
2003-07-11 16:00:00,1000.86,989.53
2003-07-14 16:00:00,1015.41,1001.08
2003-07-15 16:00:00,1009.61,996.67
2003-07-16 16:00:00,1003.47,989.3
2003-07-17 16:00:00,994,978.6
2003-07-18 16:00:00,994.25,981.7
2003-07-21 16:00:00,992.91,975.63
2003-07-22 16:00:00,990.29,976.08
2003-07-23 16:00:00,989.86,979.79
2003-07-24 16:00:00,998.89,981.07
2003-07-25 16:00:00,998.71,977.42
2003-07-28 16:00:00,1000.68,993.59
2003-07-29 16:00:00,998.64,984.15
2003-07-30 16:00:00,992.62,985.96
2003-07-31 16:00:00,1004.59,988.85
2003-08-01 16:00:00,989.9,978.86
2003-08-04 16:00:00,985.75,966.79
2003-08-05 16:00:00,982.61,964.97
2003-08-06 16:00:00,975.74,960.84
2003-08-07 16:00:00,974.89,963.82
2003-08-08 16:00:00,980.57,973.83
2003-08-11 16:00:00,985.46,974.21
2003-08-12 16:00:00,990.41,979.9
2003-08-13 16:00:00,992.5,980.85
2003-08-14 16:00:00,991.91,980.36
2003-08-15 16:00:00,992.39,986.44
2003-08-18 16:00:00,1000.35,991.47
2003-08-19 16:00:00,1003.3,995.3
2003-08-20 16:00:00,1003.54,996.62
2003-08-21 16:00:00,1009.53,999.33
2003-08-22 16:00:00,1011.01,992.62
2003-08-25 16:00:00,993.71,987.91
2003-08-26 16:00:00,997.93,983.57
2003-08-27 16:00:00,998.05,993.33
2003-08-28 16:00:00,1004.12,991.42
2003-08-29 16:00:00,1008.85,999.52
2003-09-02 16:00:00,1022.59,1005.67
2003-09-03 16:00:00,1029.34,1022.45
2003-09-04 16:00:00,1029.17,1022.19
2003-09-05 16:00:00,1029.21,1018.19
2003-09-08 16:00:00,1032.41,1021.93
2003-09-09 16:00:00,1031.15,1021.14
2003-09-10 16:00:00,1021.51,1009.74
2003-09-11 16:00:00,1020.88,1011.58
2003-09-12 16:00:00,1019.65,1007.71
2003-09-15 16:00:00,1019.79,1013.59
2003-09-16 16:00:00,1029.66,1015.03
2003-09-17 16:00:00,1031.34,1024.53
2003-09-18 16:00:00,1040.16,1025.75
2003-09-19 16:00:00,1040.29,1031.89
2003-09-22 16:00:00,1036.3,1018.3
2003-09-23 16:00:00,1030.12,1021.54
2003-09-24 16:00:00,1029.83,1008.93
2003-09-25 16:00:00,1015.97,1003.26
2003-09-26 16:00:00,1003.45,996.08
2003-09-29 16:00:00,1006.89,995.31
2003-09-30 16:00:00,1005.14,990.36
2003-10-01 16:00:00,1018.22,997.12
2003-10-02 16:00:00,1021.87,1013.38
2003-10-03 16:00:00,1039.31,1024.93
2003-10-06 16:00:00,1036.48,1029.15
2003-10-07 16:00:00,1039.25,1026.19
2003-10-08 16:00:00,1040.08,1030.96
2003-10-09 16:00:00,1048.28,1034.92
2003-10-10 16:00:00,1040.84,1035.74
2003-10-13 16:00:00,1048.9,1039.29
2003-10-14 16:00:00,1049.49,1040.84
2003-10-15 16:00:00,1053.79,1043.15
2003-10-16 16:00:00,1052.94,1044.04
2003-10-17 16:00:00,1051.9,1036.57
2003-10-20 16:00:00,1044.69,1036.13
2003-10-21 16:00:00,1048.57,1042.5
2003-10-22 16:00:00,1046.02,1028.39
2003-10-23 16:00:00,1035.44,1025.87
2003-10-24 16:00:00,1030.79,1018.32
2003-10-27 16:00:00,1037.75,1029.19
2003-10-28 16:00:00,1046.79,1032.75
2003-10-29 16:00:00,1049.83,1043.35
2003-10-30 16:00:00,1052.82,1043.82
2003-10-31 16:00:00,1053.09,1046.94
2003-11-03 16:00:00,1061.44,1051.84
2003-11-04 16:00:00,1059.02,1051.7
2003-11-05 16:00:00,1054.54,1044.88
2003-11-06 16:00:00,1058.94,1046.93
2003-11-07 16:00:00,1062.39,1052.17
2003-11-10 16:00:00,1053.65,1045.58
2003-11-11 16:00:00,1048.23,1043.46
2003-11-12 16:00:00,1059.1,1046.74
2003-11-13 16:00:00,1059.62,1052.96
2003-11-14 16:00:00,1063.65,1048.11
2003-11-17 16:00:00,1049.04,1035.28
2003-11-18 16:00:00,1048.77,1034
2003-11-19 16:00:00,1043.95,1034.15
2003-11-20 16:00:00,1046.48,1033.42
2003-11-21 16:00:00,1037.57,1031.2
2003-11-24 16:00:00,1052.08,1036.44
2003-11-25 16:00:00,1058.05,1049.31
2003-11-26 16:00:00,1058.45,1048.28
2003-11-28 16:00:00,1060.63,1056.77
2003-12-01 16:00:00,1070.47,1058.2
2003-12-02 16:00:00,1071.22,1065.22
2003-12-03 16:00:00,1074.3,1064.63
2003-12-04 16:00:00,1070.37,1063.15
2003-12-05 16:00:00,1069.72,1060.09
2003-12-08 16:00:00,1069.59,1060.93
2003-12-09 16:00:00,1071.94,1059.16
2003-12-10 16:00:00,1063.02,1053.41
2003-12-11 16:00:00,1073.63,1059.05
2003-12-12 16:00:00,1074.76,1067.64
2003-12-15 16:00:00,1082.79,1068
2003-12-16 16:00:00,1075.94,1068.04
2003-12-17 16:00:00,1076.54,1071.14
2003-12-18 16:00:00,1089.5,1076.48
2003-12-19 16:00:00,1091.06,1084.19
2003-12-22 16:00:00,1092.94,1086.14
2003-12-23 16:00:00,1096.95,1091.73
2003-12-24 16:00:00,1096.4,1092.73
2003-12-26 16:00:00,1098.47,1094.04
2003-12-29 16:00:00,1109.48,1095.89
2003-12-30 16:00:00,1109.75,1106.41
2003-12-31 16:00:00,1112.56,1106.21
2004-01-02 16:00:00,1118.85,1105.08
2004-01-05 16:00:00,1122.21,1108.48
2004-01-06 16:00:00,1124.46,1118.44
2004-01-07 16:00:00,1126.33,1116.45
2004-01-08 16:00:00,1131.91,1124.91
2004-01-09 16:00:00,1131.92,1120.9
2004-01-12 16:00:00,1127.85,1120.9
2004-01-13 16:00:00,1129.07,1115.19
2004-01-14 16:00:00,1130.75,1123.97
2004-01-15 16:00:00,1137.11,1124.5
2004-01-16 16:00:00,1139.82,1132.05
2004-01-20 16:00:00,1142.54,1135.4
2004-01-21 16:00:00,1148.77,1134.62
2004-01-22 16:00:00,1150.51,1143.01
2004-01-23 16:00:00,1150.31,1136.85
2004-01-26 16:00:00,1155.38,1141
2004-01-27 16:00:00,1155.37,1144.05
2004-01-28 16:00:00,1149.14,1126.5
2004-01-29 16:00:00,1134.39,1122.38
2004-01-30 16:00:00,1134.17,1127.73
2004-02-02 16:00:00,1142.45,1127.87
2004-02-03 16:00:00,1137.44,1131.64
2004-02-04 16:00:00,1136.03,1124.74
2004-02-05 16:00:00,1131.17,1124.44
2004-02-06 16:00:00,1142.79,1128.39
2004-02-09 16:00:00,1144.46,1139.21
2004-02-10 16:00:00,1147.02,1138.7
2004-02-11 16:00:00,1158.89,1142.33
2004-02-12 16:00:00,1157.76,1151.44
2004-02-13 16:00:00,1156.88,1143.23
2004-02-17 16:00:00,1158.98,1145.81
2004-02-18 16:00:00,1157.4,1149.42
2004-02-19 16:00:00,1158.57,1146.83
2004-02-20 16:00:00,1149.81,1139
2004-02-23 16:00:00,1146.69,1136.98
2004-02-24 16:00:00,1144.54,1134.43
2004-02-25 16:00:00,1145.24,1138.71
2004-02-26 16:00:00,1147.23,1138.62
2004-02-27 16:00:00,1151.68,1141.8
2004-03-01 16:00:00,1157.45,1144.94
2004-03-02 16:00:00,1156.54,1147.31
2004-03-03 16:00:00,1149.1,1143.78
2004-03-04 16:00:00,1154.97,1149.81
2004-03-05 16:00:00,1163.23,1148.71
2004-03-08 16:00:00,1159.94,1146.97
2004-03-09 16:00:00,1147.32,1136.84
2004-03-10 16:00:00,1141.45,1122.53
2004-03-11 16:00:00,1125.96,1105.87
2004-03-12 16:00:00,1120.63,1106.78
2004-03-15 16:00:00,1120.57,1103.36
2004-03-16 16:00:00,1113.82,1102.61
2004-03-17 16:00:00,1125.76,1110.7
2004-03-18 16:00:00,1125.5,1113.25
2004-03-19 16:00:00,1122.72,1109.69
2004-03-22 16:00:00,1109.78,1089.49
2004-03-23 16:00:00,1101.52,1091.57
2004-03-24 16:00:00,1098.39,1087.06
2004-03-25 16:00:00,1110.38,1091.33
2004-03-26 16:00:00,1115.27,1106.13
2004-03-29 16:00:00,1124.37,1108.06
2004-03-30 16:00:00,1127.6,1119.66
2004-03-31 16:00:00,1130.83,1121.46
2004-04-01 16:00:00,1135.67,1126.2
2004-04-02 16:00:00,1144.81,1132.17
2004-04-05 16:00:00,1150.54,1141.64
2004-04-06 16:00:00,1150.57,1143.3
2004-04-07 16:00:00,1148.16,1138.41
2004-04-08 16:00:00,1148.97,1134.52
2004-04-12 16:00:00,1147.29,1139.32
2004-04-13 16:00:00,1147.81,1127.7
2004-04-14 16:00:00,1132.52,1122.15
2004-04-15 16:00:00,1134.08,1120.75
2004-04-16 16:00:00,1136.8,1126.79
2004-04-19 16:00:00,1136.18,1129.84
2004-04-20 16:00:00,1139.26,1118.09
2004-04-21 16:00:00,1125.72,1116.03
2004-04-22 16:00:00,1142.77,1121.92
2004-04-23 16:00:00,1141.92,1134.81
2004-04-26 16:00:00,1145.08,1132.91
2004-04-27 16:00:00,1146.84,1135.53
2004-04-28 16:00:00,1138.11,1121.7
2004-04-29 16:00:00,1128.8,1108.02
2004-04-30 16:00:00,1119.26,1107.23
2004-05-03 16:00:00,1118.72,1107.3
2004-05-04 16:00:00,1127.74,1112.89
2004-05-05 16:00:00,1125.07,1117.86
2004-05-06 16:00:00,1121.53,1106.3
2004-05-07 16:00:00,1117.33,1098.63
2004-05-10 16:00:00,1098.7,1080.67
2004-05-11 16:00:00,1095.69,1087.12
2004-05-12 16:00:00,1097.55,1076.32
2004-05-13 16:00:00,1102.77,1091.76
2004-05-14 16:00:00,1102.37,1088.24
2004-05-17 16:00:00,1095.7,1079.36
2004-05-18 16:00:00,1094.14,1084.1
2004-05-19 16:00:00,1105.93,1088.49
2004-05-20 16:00:00,1092.62,1085.43
2004-05-21 16:00:00,1099.7,1089.19
2004-05-24 16:00:00,1101.71,1091.77
2004-05-25 16:00:00,1113.8,1090.74
2004-05-26 16:00:00,1116.71,1109.91
2004-05-27 16:00:00,1123.95,1114.86
2004-05-28 16:00:00,1122.69,1118.1
2004-06-01 16:00:00,1122.7,1113.32
2004-06-02 16:00:00,1128.1,1118.64
2004-06-03 16:00:00,1125.31,1116.56
2004-06-04 16:00:00,1129.17,1116.64
2004-06-07 16:00:00,1140.54,1122.5
2004-06-08 16:00:00,1142.16,1135.45
2004-06-09 16:00:00,1142.18,1131.11
2004-06-10 16:00:00,1136.47,1131.33
2004-06-14 16:00:00,1136.47,1122.16
2004-06-15 16:00:00,1137.36,1125.29
2004-06-16 16:00:00,1135.28,1130.55
2004-06-17 16:00:00,1133.56,1126.88
2004-06-18 16:00:00,1139.08,1129.82
2004-06-21 16:00:00,1138.05,1129.64
2004-06-22 16:00:00,1135.05,1124.37
2004-06-23 16:00:00,1145.16,1131.79
2004-06-24 16:00:00,1146.34,1139.94
2004-06-25 16:00:00,1145.97,1135.54
2004-06-28 16:00:00,1142.6,1131.62
2004-06-29 16:00:00,1138.26,1131.81
2004-06-30 16:00:00,1144.22,1133.62
2004-07-01 16:00:00,1140.84,1123.06
2004-07-02 16:00:00,1129.18,1123.26
2004-07-06 16:00:00,1125.38,1113.21
2004-07-07 16:00:00,1122.37,1115.13
2004-07-08 16:00:00,1119.12,1108.72
2004-07-09 16:00:00,1115.57,1109.11
2004-07-12 16:00:00,1116.11,1106.71
2004-07-13 16:00:00,1116.3,1112.99
2004-07-14 16:00:00,1119.6,1107.83
2004-07-15 16:00:00,1114.63,1106.67
2004-07-16 16:00:00,1112.17,1101.07
2004-07-19 16:00:00,1105.52,1096.55
2004-07-20 16:00:00,1108.88,1099.1
2004-07-21 16:00:00,1116.27,1093.88
2004-07-22 16:00:00,1099.69,1084.16
2004-07-23 16:00:00,1096.84,1083.49
2004-07-26 16:00:00,1089.82,1078.78
2004-07-27 16:00:00,1096.65,1084.07
2004-07-28 16:00:00,1098.84,1082.17
2004-07-29 16:00:00,1103.71,1095.42
2004-07-30 16:00:00,1103.73,1096.96
2004-08-02 16:00:00,1108.6,1097.34
2004-08-03 16:00:00,1106.62,1099.2
2004-08-04 16:00:00,1102.45,1092.4
2004-08-05 16:00:00,1098.83,1079.98
2004-08-06 16:00:00,1080.7,1062.23
2004-08-09 16:00:00,1069.46,1063.97
2004-08-10 16:00:00,1079.04,1065.22
2004-08-11 16:00:00,1079.04,1065.92
2004-08-12 16:00:00,1075.79,1062.82
2004-08-13 16:00:00,1067.58,1060.72
2004-08-16 16:00:00,1080.66,1064.8
2004-08-17 16:00:00,1086.96,1079.34
2004-08-18 16:00:00,1095.17,1078.93
2004-08-19 16:00:00,1095.17,1086.28
2004-08-20 16:00:00,1100.26,1089.57
2004-08-23 16:00:00,1101.4,1094.73
2004-08-24 16:00:00,1100.94,1092.82
2004-08-25 16:00:00,1106.29,1093.24
2004-08-26 16:00:00,1106.78,1102.43
2004-08-27 16:00:00,1109.68,1104.61
2004-08-30 16:00:00,1107.77,1099.15
2004-08-31 16:00:00,1104.24,1094.72
2004-09-01 16:00:00,1109.25,1099.11
2004-09-02 16:00:00,1119.11,1105.6
2004-09-03 16:00:00,1120.8,1113.57
2004-09-07 16:00:00,1124.08,1113.63
2004-09-08 16:00:00,1123.05,1116.27
2004-09-09 16:00:00,1121.3,1113.62
2004-09-10 16:00:00,1125.26,1114.39
2004-09-13 16:00:00,1129.78,1123.35
2004-09-14 16:00:00,1129.46,1124.72
2004-09-15 16:00:00,1128.33,1119.74
2004-09-16 16:00:00,1126.06,1120.37
2004-09-17 16:00:00,1130.48,1123.5
2004-09-20 16:00:00,1128.55,1120.34
2004-09-21 16:00:00,1131.54,1122.2
2004-09-22 16:00:00,1129.3,1112.67
2004-09-23 16:00:00,1113.61,1108.05
2004-09-24 16:00:00,1113.81,1108.36
2004-09-27 16:00:00,1110.11,1103.24
2004-09-28 16:00:00,1111.77,1101.29
2004-09-29 16:00:00,1114.8,1107.36
2004-09-30 16:00:00,1116.31,1109.61
2004-10-01 16:00:00,1131.64,1114.58
2004-10-04 16:00:00,1140.19,1131.5
2004-10-05 16:00:00,1137.87,1132.03
2004-10-06 16:00:00,1142.05,1132.94
2004-10-07 16:00:00,1142.05,1130.46
2004-10-08 16:00:00,1132.92,1120.19
2004-10-11 16:00:00,1126.2,1122.14
2004-10-12 16:00:00,1124.39,1115.77
2004-10-13 16:00:00,1127.01,1109.63
2004-10-14 16:00:00,1114.97,1102.06
2004-10-15 16:00:00,1113.17,1102.14
2004-10-18 16:00:00,1114.46,1103.33
2004-10-19 16:00:00,1118.03,1103.15
2004-10-20 16:00:00,1104.09,1094.25
2004-10-21 16:00:00,1108.96,1098.47
2004-10-22 16:00:00,1108.32,1095.29
2004-10-25 16:00:00,1096.81,1090.19
2004-10-26 16:00:00,1111.09,1094.81
2004-10-27 16:00:00,1126.29,1107.43
2004-10-28 16:00:00,1130.67,1120.57
2004-10-29 16:00:00,1131.44,1124.62
2004-11-01 16:00:00,1133.43,1127.53
2004-11-02 16:00:00,1140.48,1128.12
2004-11-03 16:00:00,1147.6,1130.54
2004-11-04 16:00:00,1161.67,1142.34
2004-11-05 16:00:00,1170.87,1160.36
2004-11-08 16:00:00,1166.86,1162.32
2004-11-09 16:00:00,1168.97,1162.48
2004-11-10 16:00:00,1169.35,1162.51
2004-11-11 16:00:00,1174.82,1162.91
2004-11-12 16:00:00,1184.17,1171.39
2004-11-15 16:00:00,1184.48,1179.85
2004-11-16 16:00:00,1183.81,1175.32
2004-11-17 16:00:00,1188.46,1175.43
2004-11-18 16:00:00,1184.9,1180.15
2004-11-19 16:00:00,1184,1169.17
2004-11-22 16:00:00,1178.18,1167.89
2004-11-23 16:00:00,1179.52,1171.41
2004-11-24 16:00:00,1182.46,1176.94
2004-11-26 16:00:00,1186.62,1181.08
2004-11-29 16:00:00,1186.94,1172.37
2004-11-30 16:00:00,1178.66,1173.81
2004-12-01 16:00:00,1191.37,1173.78
2004-12-02 16:00:00,1194.81,1186.66
2004-12-03 16:00:00,1197.46,1187.7
2004-12-06 16:00:00,1192.41,1185.18
2004-12-07 16:00:00,1192.19,1177.07
2004-12-08 16:00:00,1184.05,1176.8
2004-12-09 16:00:00,1190.51,1173.76
2004-12-10 16:00:00,1191.45,1185.24
2004-12-13 16:00:00,1198.77,1188
2004-12-14 16:00:00,1205.29,1197.84
2004-12-15 16:00:00,1206.61,1199.44
2004-12-16 16:00:00,1207.97,1198.41
2004-12-17 16:00:00,1203.21,1193.44
2004-12-20 16:00:00,1203.64,1193.36
2004-12-21 16:00:00,1205.93,1194.65
2004-12-22 16:00:00,1211.42,1203.81
2004-12-23 16:00:00,1213.66,1208.71
2004-12-27 16:00:00,1214.17,1204.92
2004-12-28 16:00:00,1213.54,1204.92
2004-12-29 16:00:00,1213.95,1210.95
2004-12-30 16:00:00,1216.47,1213.41
2004-12-31 16:00:00,1217.33,1211.65
2005-01-03 16:00:00,1217.9,1200.3
2005-01-04 16:00:00,1205.84,1185.39
2005-01-05 16:00:00,1192.75,1183.72
2005-01-06 16:00:00,1191.63,1183.23
2005-01-07 16:00:00,1192.2,1182.11
2005-01-10 16:00:00,1194.78,1184.8
2005-01-11 16:00:00,1190.25,1180.43
2005-01-12 16:00:00,1187.98,1175.64
2005-01-13 16:00:00,1187.7,1175.61
2005-01-14 16:00:00,1185.21,1177.45
2005-01-18 16:00:00,1195.98,1180.1
2005-01-19 16:00:00,1195.98,1184.57
2005-01-20 16:00:00,1184.63,1173.39
2005-01-21 16:00:00,1179.55,1167.82
2005-01-24 16:00:00,1173.17,1163.75
2005-01-25 16:00:00,1174.3,1163.75
2005-01-26 16:00:00,1175.99,1168.41
2005-01-27 16:00:00,1177.5,1170.15
2005-01-28 16:00:00,1175.63,1166.3
2005-01-31 16:00:00,1182.07,1171.36
2005-02-01 16:00:00,1190.39,1180.95
2005-02-02 16:00:00,1195.25,1188.92
2005-02-03 16:00:00,1193.19,1185.63
2005-02-04 16:00:00,1203.47,1189.73
2005-02-07 16:00:00,1204.15,1199.27
2005-02-08 16:00:00,1205.11,1200.16
2005-02-09 16:00:00,1203.83,1191.54
2005-02-10 16:00:00,1198.75,1191.54
2005-02-11 16:00:00,1208.34,1193.28
2005-02-14 16:00:00,1206.93,1203.59
2005-02-15 16:00:00,1212.44,1205.52
2005-02-16 16:00:00,1212.44,1205.06
2005-02-17 16:00:00,1211.33,1200.74
2005-02-18 16:00:00,1202.92,1197.35
2005-02-22 16:00:00,1202.48,1184.17
2005-02-23 16:00:00,1193.52,1184.16
2005-02-24 16:00:00,1200.42,1187.8
2005-02-25 16:00:00,1212.15,1199.64
2005-02-28 16:00:00,1211.37,1198.13
2005-03-01 16:00:00,1212.25,1203.6
2005-03-02 16:00:00,1215.79,1204.22
2005-03-03 16:00:00,1215.68,1204.45
2005-03-04 16:00:00,1224.76,1210.47
2005-03-07 16:00:00,1229.11,1222.12
2005-03-08 16:00:00,1225.69,1218.57
2005-03-09 16:00:00,1219.43,1206.66
2005-03-10 16:00:00,1211.23,1201.41
2005-03-11 16:00:00,1213.04,1198.15
2005-03-14 16:00:00,1206.82,1199.51
2005-03-15 16:00:00,1210.54,1197.75
2005-03-16 16:00:00,1197.75,1185.61
2005-03-17 16:00:00,1193.28,1186.34
2005-03-18 16:00:00,1191.98,1182.78
2005-03-21 16:00:00,1189.65,1178.82
2005-03-22 16:00:00,1189.5,1171.63
2005-03-23 16:00:00,1176.26,1168.7
2005-03-24 16:00:00,1180.11,1171.42
2005-03-28 16:00:00,1179.91,1171.42
2005-03-29 16:00:00,1179.37,1163.69
2005-03-30 16:00:00,1181.54,1165.36
2005-03-31 16:00:00,1184.53,1179.49
2005-04-01 16:00:00,1189.8,1169.91
2005-04-04 16:00:00,1178.61,1167.72
2005-04-05 16:00:00,1183.56,1176.12
2005-04-06 16:00:00,1189.34,1181.39
2005-04-07 16:00:00,1191.88,1183.81
2005-04-08 16:00:00,1191.75,1181.13
2005-04-11 16:00:00,1184.07,1178.69
2005-04-12 16:00:00,1190.17,1170.85
2005-04-13 16:00:00,1187.76,1171.4
2005-04-14 16:00:00,1174.67,1161.7
2005-04-15 16:00:00,1162.05,1141.92
2005-04-18 16:00:00,1148.92,1139.8
2005-04-19 16:00:00,1154.67,1145.98
2005-04-20 16:00:00,1155.5,1136.15
2005-04-21 16:00:00,1159.95,1137.5
2005-04-22 16:00:00,1159.95,1142.95
2005-04-25 16:00:00,1164.05,1152.12
2005-04-26 16:00:00,1164.8,1151.74
2005-04-27 16:00:00,1159.87,1144.42
2005-04-28 16:00:00,1156.38,1143.22
2005-04-29 16:00:00,1156.97,1139.19
2005-05-02 16:00:00,1162.87,1154.71
2005-05-03 16:00:00,1166.89,1156.71
2005-05-04 16:00:00,1176.01,1161.17
2005-05-05 16:00:00,1178.62,1166.77
2005-05-06 16:00:00,1177.75,1170.5
2005-05-09 16:00:00,1178.87,1169.38
2005-05-10 16:00:00,1178.84,1162.98
2005-05-11 16:00:00,1171.77,1157.71
2005-05-12 16:00:00,1173.37,1157.76
2005-05-13 16:00:00,1163.75,1146.18
2005-05-16 16:00:00,1165.75,1153.64
2005-05-17 16:00:00,1174.35,1159.86
2005-05-18 16:00:00,1187.9,1173.8
2005-05-19 16:00:00,1191.09,1184.49
2005-05-20 16:00:00,1191.22,1185.19
2005-05-23 16:00:00,1197.44,1188.76
2005-05-24 16:00:00,1195.29,1189.87
2005-05-25 16:00:00,1194.07,1185.96
2005-05-26 16:00:00,1198.95,1190.01
2005-05-27 16:00:00,1199.56,1195.28
2005-05-31 16:00:00,1198.78,1191.5
2005-06-01 16:00:00,1205.64,1191.03
2005-06-02 16:00:00,1204.67,1198.42
2005-06-03 16:00:00,1205.09,1194.55
2005-06-06 16:00:00,1198.78,1192.75
2005-06-07 16:00:00,1208.85,1197.26
2005-06-08 16:00:00,1201.97,1193.33
2005-06-09 16:00:00,1201.86,1191.09
2005-06-10 16:00:00,1202.79,1192.64
2005-06-13 16:00:00,1206.03,1194.51
2005-06-14 16:00:00,1207.53,1200.18
2005-06-15 16:00:00,1208.08,1198.66
2005-06-16 16:00:00,1212.1,1205.47
2005-06-17 16:00:00,1219.55,1210.93
2005-06-20 16:00:00,1219.1,1210.65
2005-06-21 16:00:00,1217.13,1211.86
2005-06-22 16:00:00,1219.59,1211.69
2005-06-23 16:00:00,1216.45,1200.72
2005-06-24 16:00:00,1200.9,1191.45
2005-06-27 16:00:00,1194.33,1188.3
2005-06-28 16:00:00,1202.54,1190.69
2005-06-29 16:00:00,1204.07,1198.7
2005-06-30 16:00:00,1203.27,1190.51
2005-07-01 16:00:00,1197.89,1191.33
2005-07-05 16:00:00,1206.34,1192.49
2005-07-06 16:00:00,1206.11,1194.78
2005-07-07 16:00:00,1198.46,1183.55
2005-07-08 16:00:00,1212.73,1197.2
2005-07-11 16:00:00,1220.03,1211.86
2005-07-12 16:00:00,1225.54,1216.6
2005-07-13 16:00:00,1224.46,1219.64
2005-07-14 16:00:00,1233.16,1223.29
2005-07-15 16:00:00,1229.53,1223.5
2005-07-18 16:00:00,1227.92,1221.13
2005-07-19 16:00:00,1230.34,1221.13
2005-07-20 16:00:00,1236.56,1222.91
2005-07-21 16:00:00,1235.83,1224.7
2005-07-22 16:00:00,1234.19,1226.15
2005-07-25 16:00:00,1238.36,1228.15
2005-07-26 16:00:00,1234.42,1229.03
2005-07-27 16:00:00,1237.64,1230.15
2005-07-28 16:00:00,1245.15,1235.81
2005-07-29 16:00:00,1245.04,1234.18
2005-08-01 16:00:00,1239.1,1233.8
2005-08-02 16:00:00,1244.69,1235.35
2005-08-03 16:00:00,1245.86,1240.57
2005-08-04 16:00:00,1245.04,1235.15
2005-08-05 16:00:00,1235.86,1225.62
2005-08-08 16:00:00,1232.28,1222.67
2005-08-09 16:00:00,1234.11,1223.13
2005-08-10 16:00:00,1242.69,1226.58
2005-08-11 16:00:00,1237.81,1228.33
2005-08-12 16:00:00,1237.81,1225.87
2005-08-15 16:00:00,1236.24,1226.2
2005-08-16 16:00:00,1233.87,1219.05
2005-08-17 16:00:00,1225.63,1218.28
2005-08-18 16:00:00,1222.64,1215.93
2005-08-19 16:00:00,1225.08,1219.02
2005-08-22 16:00:00,1228.96,1216.47
2005-08-23 16:00:00,1223.04,1214.44
2005-08-24 16:00:00,1224.15,1209.37
2005-08-25 16:00:00,1213.73,1209.57
2005-08-26 16:00:00,1212.4,1204.23
2005-08-29 16:00:00,1214.28,1201.53
2005-08-30 16:00:00,1212.28,1201.07
2005-08-31 16:00:00,1220.36,1204.4
2005-09-01 16:00:00,1227.16,1216.18
2005-09-02 16:00:00,1224.45,1217.75
2005-09-06 16:00:00,1233.57,1218.02
2005-09-07 16:00:00,1237.06,1230.93
2005-09-08 16:00:00,1236.36,1229.51
2005-09-09 16:00:00,1243.13,1231.67
2005-09-12 16:00:00,1242.5,1239.15
2005-09-13 16:00:00,1240.57,1231.2
2005-09-14 16:00:00,1234.74,1226.16
2005-09-15 16:00:00,1231.88,1224.85
2005-09-16 16:00:00,1237.95,1228.42
2005-09-19 16:00:00,1237.91,1227.65
2005-09-20 16:00:00,1236.49,1220.07
2005-09-21 16:00:00,1221.52,1209.89
2005-09-22 16:00:00,1216.64,1205.35
2005-09-23 16:00:00,1218.83,1209.8
2005-09-26 16:00:00,1222.56,1211.84
2005-09-27 16:00:00,1220.17,1211.11
2005-09-28 16:00:00,1220.98,1212.72
2005-09-29 16:00:00,1228.7,1211.54
2005-09-30 16:00:00,1229.57,1225.22
2005-10-03 16:00:00,1233.27,1225.15
2005-10-04 16:00:00,1229.88,1214.02
2005-10-05 16:00:00,1214.47,1196.25
2005-10-06 16:00:00,1202.14,1181.92
2005-10-07 16:00:00,1199.71,1191.46
2005-10-10 16:00:00,1196.42,1186.12
2005-10-11 16:00:00,1193.02,1183.16
2005-10-12 16:00:00,1190.02,1173.65
2005-10-13 16:00:00,1179.56,1168.2
2005-10-14 16:00:00,1187.13,1175.44
2005-10-17 16:00:00,1191.21,1184.48
2005-10-18 16:00:00,1190.1,1178.13
2005-10-19 16:00:00,1195.76,1170.55
2005-10-20 16:00:00,1197.3,1173.35
2005-10-21 16:00:00,1186.46,1174.92
2005-10-24 16:00:00,1199.39,1179.59
2005-10-25 16:00:00,1201.3,1189.29
2005-10-26 16:00:00,1204.01,1191.38
2005-10-27 16:00:00,1192.65,1178.89
2005-10-28 16:00:00,1198.41,1178.9
2005-10-31 16:00:00,1211.43,1198.41
2005-11-01 16:00:00,1207.34,1201.77
2005-11-02 16:00:00,1215.08,1201.07
2005-11-03 16:00:00,1224.7,1214.76
2005-11-04 16:00:00,1222.52,1214.45
2005-11-07 16:00:00,1224.18,1217.35
2005-11-08 16:00:00,1222.81,1216.08
2005-11-09 16:00:00,1226.59,1216.53
2005-11-10 16:00:00,1232.41,1215.05
2005-11-11 16:00:00,1235.7,1230.72
2005-11-14 16:00:00,1237.2,1231.78
2005-11-15 16:00:00,1237.94,1226.41
2005-11-16 16:00:00,1232.24,1227.18
2005-11-17 16:00:00,1242.96,1231.21
2005-11-18 16:00:00,1249.52,1240.71
2005-11-21 16:00:00,1255.89,1246.9
2005-11-22 16:00:00,1261.9,1251.4
2005-11-23 16:00:00,1270.64,1259.51
2005-11-25 16:00:00,1268.78,1265.54
2005-11-28 16:00:00,1268.42,1257.17
2005-11-29 16:00:00,1266.18,1257.46
2005-11-30 16:00:00,1260.93,1249.39
2005-12-01 16:00:00,1266.17,1249.48
2005-12-02 16:00:00,1266.83,1261.42
2005-12-05 16:00:00,1265.08,1258.12
2005-12-06 16:00:00,1272.89,1262.09
2005-12-07 16:00:00,1264.85,1253.02
2005-12-08 16:00:00,1263.36,1250.91
2005-12-09 16:00:00,1263.08,1254.24
2005-12-12 16:00:00,1263.86,1255.52
2005-12-13 16:00:00,1272.11,1258.56
2005-12-14 16:00:00,1275.8,1267.07
2005-12-15 16:00:00,1275.17,1267.86
2005-12-16 16:00:00,1275.24,1267.32
2005-12-19 16:00:00,1270.51,1259.28
2005-12-20 16:00:00,1263.86,1257.21
2005-12-21 16:00:00,1269.37,1259.62
2005-12-22 16:00:00,1268.19,1262.5
2005-12-23 16:00:00,1269.76,1265.92
2005-12-27 16:00:00,1271.83,1256.54
2005-12-28 16:00:00,1261.1,1256.54
2005-12-29 16:00:00,1260.61,1254.18
2005-12-30 16:00:00,1254.42,1246.59
2006-01-03 16:00:00,1270.22,1245.77
2006-01-04 16:00:00,1275.37,1267.74
2006-01-05 16:00:00,1276.83,1270.3
2006-01-06 16:00:00,1285.94,1273.48
2006-01-09 16:00:00,1290.78,1284.82
2006-01-10 16:00:00,1290.15,1283.76
2006-01-11 16:00:00,1294.9,1288.12
2006-01-12 16:00:00,1294.18,1285.04
2006-01-13 16:00:00,1288.96,1282.96
2006-01-17 16:00:00,1287.61,1278.61
2006-01-18 16:00:00,1282.93,1272.08
2006-01-19 16:00:00,1287.79,1277.93
2006-01-20 16:00:00,1285.04,1260.92
2006-01-23 16:00:00,1268.19,1261.49
2006-01-24 16:00:00,1271.47,1263.82
2006-01-25 16:00:00,1271.87,1259.42
2006-01-26 16:00:00,1276.44,1264.68
2006-01-27 16:00:00,1286.38,1273.83
2006-01-30 16:00:00,1287.94,1283.51
2006-01-31 16:00:00,1285.2,1276.85
2006-02-01 16:00:00,1283.33,1277.57
2006-02-02 16:00:00,1282.46,1267.72
2006-02-03 16:00:00,1270.87,1261.02
2006-02-06 16:00:00,1267.04,1261.62
2006-02-07 16:00:00,1265.78,1253.61
2006-02-08 16:00:00,1266.47,1254.78
2006-02-09 16:00:00,1274.56,1262.8
2006-02-10 16:00:00,1269.59,1255.04
2006-02-13 16:00:00,1266.99,1258.34
2006-02-14 16:00:00,1278.21,1260.8
2006-02-15 16:00:00,1281,1271.06
2006-02-16 16:00:00,1289.39,1280
2006-02-17 16:00:00,1289.47,1284.07
2006-02-21 16:00:00,1291.92,1281.33
2006-02-22 16:00:00,1294.16,1283.03
2006-02-23 16:00:00,1293.84,1285.14
2006-02-24 16:00:00,1292.11,1285.62
2006-02-27 16:00:00,1297.57,1289.43
2006-02-28 16:00:00,1294.12,1278.66
2006-03-01 16:00:00,1291.8,1280.66
2006-03-02 16:00:00,1291.24,1283.21
2006-03-03 16:00:00,1297.33,1284.2
2006-03-06 16:00:00,1288.23,1275.67
2006-03-07 16:00:00,1278.26,1271.11
2006-03-08 16:00:00,1280.33,1268.42
2006-03-09 16:00:00,1282.74,1272.23
2006-03-10 16:00:00,1284.37,1271.11
2006-03-13 16:00:00,1287.37,1281.58
2006-03-14 16:00:00,1298.14,1282.67
2006-03-15 16:00:00,1304.4,1294.97
2006-03-16 16:00:00,1310.45,1303.02
2006-03-17 16:00:00,1309.79,1305.32
2006-03-20 16:00:00,1310,1303.59
2006-03-21 16:00:00,1310.88,1295.82
2006-03-22 16:00:00,1305.97,1296.13
2006-03-23 16:00:00,1305.04,1298.11
2006-03-24 16:00:00,1306.53,1298.89
2006-03-27 16:00:00,1303.74,1299.09
2006-03-28 16:00:00,1306.24,1291.84
2006-03-29 16:00:00,1305.6,1293.23
2006-03-30 16:00:00,1310.15,1296.72
2006-03-31 16:00:00,1303,1294.83
2006-04-03 16:00:00,1309.19,1296.65
2006-04-04 16:00:00,1307.55,1294.71
2006-04-05 16:00:00,1312.81,1304.82
2006-04-06 16:00:00,1311.99,1302.44
2006-04-07 16:00:00,1313.86,1294.18
2006-04-10 16:00:00,1300.74,1293.33
2006-04-11 16:00:00,1300.69,1282.96
2006-04-12 16:00:00,1290.93,1286.45
2006-04-13 16:00:00,1292.09,1283.42
2006-04-14 16:00:00,1271.35,1270.4
2006-04-17 16:00:00,1292.45,1280.74
2006-04-18 16:00:00,1309.02,1285.33
2006-04-19 16:00:00,1310.39,1302.79
2006-04-20 16:00:00,1318.16,1306.38
2006-04-21 16:00:00,1317.67,1306.59
2006-04-24 16:00:00,1311.28,1303.79
2006-04-25 16:00:00,1310.79,1299.17
2006-04-26 16:00:00,1310.97,1301.74
2006-04-27 16:00:00,1315,1295.57
2006-04-28 16:00:00,1315.85,1306.38
2006-05-01 16:00:00,1317.21,1303.46
2006-05-02 16:00:00,1313.66,1305.19
2006-05-03 16:00:00,1313.34,1303.92
2006-05-04 16:00:00,1315.14,1307.85
2006-05-05 16:00:00,1326.53,1312.25
2006-05-08 16:00:00,1326.7,1322.87
2006-05-09 16:00:00,1326.6,1322.48
2006-05-10 16:00:00,1325.51,1317.44
2006-05-11 16:00:00,1322.63,1303.45
2006-05-12 16:00:00,1305.88,1290.38
2006-05-15 16:00:00,1294.81,1284.51
2006-05-16 16:00:00,1297.88,1288.51
2006-05-17 16:00:00,1291.73,1267.31
2006-05-18 16:00:00,1274.89,1261.75
2006-05-19 16:00:00,1272.15,1256.28
2006-05-22 16:00:00,1268.77,1253.06
2006-05-23 16:00:00,1273.67,1256.2
2006-05-24 16:00:00,1264.53,1245.34
2006-05-25 16:00:00,1273.26,1258.41
2006-05-26 16:00:00,1280.54,1272.5
2006-05-30 16:00:00,1280.04,1259.84
2006-05-31 16:00:00,1270.09,1259.38
2006-06-01 16:00:00,1285.71,1269.19
2006-06-02 16:00:00,1290.68,1280.22
2006-06-05 16:00:00,1288.16,1264.92
2006-06-06 16:00:00,1269.88,1254.66
2006-06-07 16:00:00,1272.47,1255.77
2006-06-08 16:00:00,1259.85,1235.18
2006-06-09 16:00:00,1262.58,1250.03
2006-06-12 16:00:00,1254.81,1236.2
2006-06-13 16:00:00,1243.37,1222.52
2006-06-14 16:00:00,1231.46,1219.29
2006-06-15 16:00:00,1258.62,1230.01
2006-06-16 16:00:00,1256.27,1246.33
2006-06-19 16:00:00,1255.93,1237.22
2006-06-20 16:00:00,1249.01,1238.87
2006-06-21 16:00:00,1257.96,1240.09
2006-06-22 16:00:00,1251.92,1241.63
2006-06-23 16:00:00,1252.85,1241.43
2006-06-26 16:00:00,1250.92,1243.68
2006-06-27 16:00:00,1253.37,1238.94
2006-06-28 16:00:00,1247.06,1237.59
2006-06-29 16:00:00,1272.88,1245.94
2006-06-30 16:00:00,1276.3,1270.2
2006-07-03 16:00:00,1280.38,1270.06
2006-07-05 16:00:00,1280.05,1265.91
2006-07-06 16:00:00,1278.32,1270.58
2006-07-07 16:00:00,1275.38,1263.13
2006-07-10 16:00:00,1274.06,1264.46
2006-07-11 16:00:00,1273.64,1259.65
2006-07-12 16:00:00,1273.31,1257.29
2006-07-13 16:00:00,1258.58,1241.43
2006-07-14 16:00:00,1242.7,1228.45
2006-07-17 16:00:00,1240.07,1231.49
2006-07-18 16:00:00,1239.86,1224.65
2006-07-19 16:00:00,1261.81,1236.74
2006-07-20 16:00:00,1262.44,1249.13
2006-07-21 16:00:00,1250.96,1238.92
2006-07-24 16:00:00,1262.49,1240.25
2006-07-25 16:00:00,1272.39,1257.19
2006-07-26 16:00:00,1273.89,1261.94
2006-07-27 16:00:00,1275.85,1261.93
2006-07-28 16:00:00,1280.42,1263.15
2006-07-31 16:00:00,1278.63,1274.31
2006-08-01 16:00:00,1276.66,1265.84
2006-08-02 16:00:00,1283.42,1270.73
2006-08-03 16:00:00,1283.96,1271.25
2006-08-04 16:00:00,1292.92,1273.82
2006-08-07 16:00:00,1279.31,1273
2006-08-08 16:00:00,1282.05,1268.37
2006-08-09 16:00:00,1283.74,1264.73
2006-08-10 16:00:00,1272.55,1261.3
2006-08-11 16:00:00,1271.64,1262.08
2006-08-14 16:00:00,1278.9,1266.67
2006-08-15 16:00:00,1286.23,1268.19
2006-08-16 16:00:00,1296.21,1285.27
2006-08-17 16:00:00,1300.78,1292.71
2006-08-18 16:00:00,1302.3,1293.57
2006-08-21 16:00:00,1302.3,1295.51
2006-08-22 16:00:00,1302.49,1294.44
2006-08-23 16:00:00,1301.5,1289.49
2006-08-24 16:00:00,1297.23,1291.4
2006-08-25 16:00:00,1298.88,1292.39
2006-08-28 16:00:00,1305.02,1293.97
2006-08-29 16:00:00,1305.02,1295.29
2006-08-30 16:00:00,1306.74,1302.15
2006-08-31 16:00:00,1306.11,1302.51
2006-09-01 16:00:00,1312.03,1303.8
2006-09-05 16:00:00,1314.67,1308.82
2006-09-06 16:00:00,1313.04,1299.28
2006-09-07 16:00:00,1301.25,1292.13
2006-09-08 16:00:00,1300.14,1294.02
2006-09-11 16:00:00,1302.36,1290.93
2006-09-12 16:00:00,1314.28,1299.53
2006-09-13 16:00:00,1319.92,1311.12
2006-09-14 16:00:00,1318,1313.25
2006-09-15 16:00:00,1324.65,1316.28
2006-09-18 16:00:00,1324.87,1318.16
2006-09-19 16:00:00,1322.04,1312.17
2006-09-20 16:00:00,1328.53,1318.28
2006-09-21 16:00:00,1328.19,1315.45
2006-09-22 16:00:00,1318.03,1310.94
2006-09-25 16:00:00,1329.35,1311.58
2006-09-26 16:00:00,1336.6,1325.3
2006-09-27 16:00:00,1340.08,1333.54
2006-09-28 16:00:00,1340.28,1333.75
2006-09-29 16:00:00,1339.88,1335.64
2006-10-02 16:00:00,1338.54,1330.28
2006-10-03 16:00:00,1338.31,1327.1
2006-10-04 16:00:00,1350.22,1331.48
2006-10-05 16:00:00,1353.79,1347.75
2006-10-06 16:00:00,1353.22,1344.21
2006-10-09 16:00:00,1352.69,1346.55
2006-10-10 16:00:00,1354.23,1348.6
2006-10-11 16:00:00,1353.97,1343.78
2006-10-12 16:00:00,1363.76,1349.94
2006-10-13 16:00:00,1366.63,1360.5
2006-10-16 16:00:00,1370.2,1364.48
2006-10-17 16:00:00,1369.05,1356.87
2006-10-18 16:00:00,1372.87,1360.95
2006-10-19 16:00:00,1368.09,1362.06
2006-10-20 16:00:00,1368.66,1362.1
2006-10-23 16:00:00,1377.4,1363.94
2006-10-24 16:00:00,1377.78,1372.42
2006-10-25 16:00:00,1383.61,1376
2006-10-26 16:00:00,1389.45,1379.47
2006-10-27 16:00:00,1388.89,1375.85
2006-10-30 16:00:00,1381.22,1373.46
2006-10-31 16:00:00,1381.21,1372.19
2006-11-01 16:00:00,1381.95,1366.26
2006-11-02 16:00:00,1368.39,1362.21
2006-11-03 16:00:00,1371.68,1360.98
2006-11-06 16:00:00,1381.4,1364.27
2006-11-07 16:00:00,1388.19,1379.19
2006-11-08 16:00:00,1388.61,1376.29
2006-11-09 16:00:00,1388.92,1377.31
2006-11-10 16:00:00,1381.04,1375.6
2006-11-13 16:00:00,1387.61,1378.8
2006-11-14 16:00:00,1394.49,1379.07
2006-11-15 16:00:00,1401.35,1392.13
2006-11-16 16:00:00,1403.76,1396.53
2006-11-17 16:00:00,1401.21,1394.55
2006-11-20 16:00:00,1404.37,1397.85
2006-11-21 16:00:00,1403.46,1399.99
2006-11-22 16:00:00,1407.89,1402.26
2006-11-24 16:00:00,1405.94,1399.25
2006-11-27 16:00:00,1400.95,1381.44
2006-11-28 16:00:00,1387.91,1377.83
2006-11-29 16:00:00,1401.14,1386.11
2006-11-30 16:00:00,1406.3,1393.83
2006-12-01 16:00:00,1402.46,1385.93
2006-12-04 16:00:00,1411.23,1396.67
2006-12-05 16:00:00,1415.27,1408.78
2006-12-06 16:00:00,1415.93,1411.05
2006-12-07 16:00:00,1418.27,1406.8
2006-12-08 16:00:00,1414.09,1403.67
2006-12-11 16:00:00,1415.6,1408.56
2006-12-12 16:00:00,1413.78,1404.75
2006-12-13 16:00:00,1416.64,1411.05
2006-12-14 16:00:00,1427.23,1413.16
2006-12-15 16:00:00,1431.63,1425.48
2006-12-18 16:00:00,1431.81,1420.65
2006-12-19 16:00:00,1428.3,1414.88
2006-12-20 16:00:00,1429.05,1423.51
2006-12-21 16:00:00,1426.4,1415.9
2006-12-22 16:00:00,1418.82,1410.28
2006-12-26 16:00:00,1417.91,1410.45
2006-12-27 16:00:00,1427.72,1416.63
2006-12-28 16:00:00,1427.26,1422.05
2006-12-29 16:00:00,1427,1416.72
2007-01-03 16:00:00,1429.42,1407.86
2007-01-04 16:00:00,1421.84,1408.22
2007-01-05 16:00:00,1418.34,1405.75
2007-01-08 16:00:00,1414.98,1403.97
2007-01-09 16:00:00,1415.61,1405.42
2007-01-10 16:00:00,1415.99,1404.33
2007-01-11 16:00:00,1427.12,1414.84
2007-01-12 16:00:00,1431.23,1422.58
2007-01-16 16:00:00,1433.93,1428.62
2007-01-17 16:00:00,1435.27,1428.57
2007-01-18 16:00:00,1430.7,1424.21
2007-01-19 16:00:00,1431.57,1425.19
2007-01-22 16:00:00,1431.39,1420.4
2007-01-23 16:00:00,1431.33,1421.66
2007-01-24 16:00:00,1440.14,1427.96
2007-01-25 16:00:00,1440.69,1422.34
2007-01-26 16:00:00,1427.27,1416.96
2007-01-29 16:00:00,1426.94,1418.46
2007-01-30 16:00:00,1428.82,1420.61
2007-01-31 16:00:00,1441.61,1424.78
2007-02-01 16:00:00,1446.64,1437.9
2007-02-02 16:00:00,1449.33,1444.49
2007-02-05 16:00:00,1449.38,1443.85
2007-02-06 16:00:00,1450.19,1443.4
2007-02-07 16:00:00,1452.99,1446.44
2007-02-08 16:00:00,1450.45,1442.81
2007-02-09 16:00:00,1452.45,1433.44
2007-02-12 16:00:00,1439.11,1431.44
2007-02-13 16:00:00,1444.41,1433.22
2007-02-14 16:00:00,1457.65,1443.91
2007-02-15 16:00:00,1457.97,1453.19
2007-02-16 16:00:00,1456.77,1451.57
2007-02-20 16:00:00,1460.53,1449.2
2007-02-21 16:00:00,1459.6,1452.02
2007-02-22 16:00:00,1461.57,1450.51
2007-02-23 16:00:00,1456.22,1448.36
2007-02-26 16:00:00,1456.95,1445.48
2007-02-27 16:00:00,1449.25,1389.42
2007-02-28 16:00:00,1415.89,1396.65
2007-03-01 16:00:00,1409.46,1380.87
2007-03-02 16:00:00,1403.4,1386.87
2007-03-05 16:00:00,1391.86,1373.97
2007-03-06 16:00:00,1397.9,1374.06
2007-03-07 16:00:00,1401.16,1390.64
2007-03-08 16:00:00,1407.93,1391.88
2007-03-09 16:00:00,1410.15,1397.3
2007-03-12 16:00:00,1409.34,1398.4
2007-03-13 16:00:00,1406.23,1377.71
2007-03-14 16:00:00,1388.09,1363.98
2007-03-15 16:00:00,1395.73,1385.16
2007-03-16 16:00:00,1397.51,1383.63
2007-03-19 16:00:00,1403.2,1386.95
2007-03-20 16:00:00,1411.53,1400.7
2007-03-21 16:00:00,1437.77,1409.75
2007-03-22 16:00:00,1437.66,1429.88
2007-03-23 16:00:00,1438.89,1433.21
2007-03-26 16:00:00,1437.65,1423.28
2007-03-27 16:00:00,1437.49,1425.54
2007-03-28 16:00:00,1428.35,1414.07
2007-03-29 16:00:00,1426.24,1413.27
2007-03-30 16:00:00,1429.22,1408.9
2007-04-02 16:00:00,1425.49,1416.37
2007-04-03 16:00:00,1440.57,1424.27
2007-04-04 16:00:00,1440.16,1435.08
2007-04-05 16:00:00,1444.88,1436.67
2007-04-06 16:00:00,1444.88,1438.94
2007-04-09 16:00:00,1448.1,1443.28
2007-04-10 16:00:00,1448.73,1443.99
2007-04-11 16:00:00,1448.39,1436.15
2007-04-12 16:00:00,1448.02,1433.91
2007-04-13 16:00:00,1453.11,1444.15
2007-04-16 16:00:00,1468.62,1452.84
2007-04-17 16:00:00,1474.35,1467.15
2007-04-18 16:00:00,1476.57,1466.41
2007-04-19 16:00:00,1474.23,1464.47
2007-04-20 16:00:00,1484.74,1470.69
2007-04-23 16:00:00,1487.32,1480.19
2007-04-24 16:00:00,1483.82,1473.74
2007-04-25 16:00:00,1496.59,1480.28
2007-04-26 16:00:00,1498.02,1491.17
2007-04-27 16:00:00,1497.32,1488.67
2007-04-30 16:00:00,1497.16,1482.29
2007-05-01 16:00:00,1487.27,1476.7
2007-05-02 16:00:00,1499.1,1486.13
2007-05-03 16:00:00,1503.34,1495.56
2007-05-04 16:00:00,1510.34,1501.8
2007-05-07 16:00:00,1511,1505.54
2007-05-08 16:00:00,1509.36,1500.66
2007-05-09 16:00:00,1513.8,1503.77
2007-05-10 16:00:00,1512.33,1491.42
2007-05-11 16:00:00,1506.24,1491.47
2007-05-14 16:00:00,1510.9,1498.34
2007-05-15 16:00:00,1514.83,1500.43
2007-05-16 16:00:00,1514.15,1500.75
2007-05-17 16:00:00,1517.14,1509.29
2007-05-18 16:00:00,1522.75,1512.74
2007-05-21 16:00:00,1529.87,1522.75
2007-05-22 16:00:00,1529.24,1522.05
2007-05-23 16:00:00,1532.43,1521.9
2007-05-24 16:00:00,1529.31,1505.18
2007-05-25 16:00:00,1517.41,1507.5
2007-05-29 16:00:00,1521.8,1512.02
2007-05-30 16:00:00,1530.23,1510.06
2007-05-31 16:00:00,1535.56,1528.26
2007-06-01 16:00:00,1540.56,1530.62
2007-06-04 16:00:00,1540.53,1532.31
2007-06-05 16:00:00,1539.12,1525.62
2007-06-06 16:00:00,1530.57,1514.13
2007-06-07 16:00:00,1517.36,1490.37
2007-06-08 16:00:00,1507.76,1487.41
2007-06-11 16:00:00,1515.53,1503.35
2007-06-12 16:00:00,1511.33,1492.97
2007-06-13 16:00:00,1515.7,1492.65
2007-06-14 16:00:00,1526.45,1515.58
2007-06-15 16:00:00,1538.71,1522.97
2007-06-18 16:00:00,1535.44,1529.31
2007-06-19 16:00:00,1535.85,1525.67
2007-06-20 16:00:00,1537.32,1512.36
2007-06-21 16:00:00,1522.9,1504.75
2007-06-22 16:00:00,1522.19,1500.74
2007-06-25 16:00:00,1514.29,1492.68
2007-06-26 16:00:00,1506.12,1490.54
2007-06-27 16:00:00,1506.8,1484.18
2007-06-28 16:00:00,1514.84,1503.41
2007-06-29 16:00:00,1517.53,1493.61
2007-07-02 16:00:00,1519.45,1504.66
2007-07-03 16:00:00,1526.01,1519.12
2007-07-05 16:00:00,1526.57,1517.72
2007-07-06 16:00:00,1532.4,1520.47
2007-07-09 16:00:00,1534.26,1527.45
2007-07-10 16:00:00,1531.85,1510.01
2007-07-11 16:00:00,1519.34,1506.1
2007-07-12 16:00:00,1547.92,1518.74
2007-07-13 16:00:00,1555.1,1544.85
2007-07-16 16:00:00,1555.9,1546.69
2007-07-17 16:00:00,1555.32,1547.74
2007-07-18 16:00:00,1549.2,1533.67
2007-07-19 16:00:00,1555.2,1546.13
2007-07-20 16:00:00,1553.19,1529.2
2007-07-23 16:00:00,1547.23,1534.06
2007-07-24 16:00:00,1541.57,1508.62
2007-07-25 16:00:00,1524.31,1503.74
2007-07-26 16:00:00,1518.09,1465.3
2007-07-27 16:00:00,1488.37,1458.95
2007-07-30 16:00:00,1477.88,1454.39
2007-07-31 16:00:00,1488.3,1454.25
2007-08-01 16:00:00,1468.12,1439.59
2007-08-02 16:00:00,1476.43,1460.73
2007-08-03 16:00:00,1473.23,1432.8
2007-08-06 16:00:00,1467.67,1427.39
2007-08-07 16:00:00,1488.3,1456.06
2007-08-08 16:00:00,1503.89,1476.22
2007-08-09 16:00:00,1497.21,1453.09
2007-08-10 16:00:00,1461.97,1429.74
2007-08-13 16:00:00,1466.29,1451.71
2007-08-14 16:00:00,1456.74,1426.2
2007-08-15 16:00:00,1440.78,1404.36
2007-08-16 16:00:00,1415.74,1370.69
2007-08-17 16:00:00,1450.15,1411.26
2007-08-20 16:00:00,1451.75,1430.54
2007-08-21 16:00:00,1455.32,1439.78
2007-08-22 16:00:00,1464.86,1447.03
2007-08-23 16:00:00,1472.06,1453.88
2007-08-24 16:00:00,1479.4,1460.54
2007-08-27 16:00:00,1479.36,1465.98
2007-08-28 16:00:00,1466.72,1432.01
2007-08-29 16:00:00,1463.76,1432.01
2007-08-30 16:00:00,1468.43,1451.25
2007-08-31 16:00:00,1481.47,1457.61
2007-09-04 16:00:00,1496.4,1472.15
2007-09-05 16:00:00,1488.76,1466.34
2007-09-06 16:00:00,1481.49,1467.41
2007-09-07 16:00:00,1478.55,1449.07
2007-09-10 16:00:00,1462.25,1439.29
2007-09-11 16:00:00,1472.48,1451.69
2007-09-12 16:00:00,1479.5,1465.75
2007-09-13 16:00:00,1489.58,1471.47
2007-09-14 16:00:00,1485.99,1473.18
2007-09-17 16:00:00,1484.24,1471.82
2007-09-18 16:00:00,1519.89,1476.63
2007-09-19 16:00:00,1538.74,1519.75
2007-09-20 16:00:00,1529.14,1516.42
2007-09-21 16:00:00,1530.89,1518.75
2007-09-24 16:00:00,1530.18,1516.15
2007-09-25 16:00:00,1518.27,1507.13
2007-09-26 16:00:00,1529.39,1518.62
2007-09-27 16:00:00,1532.46,1525.81
2007-09-28 16:00:00,1533.74,1521.99
2007-10-01 16:00:00,1549.02,1527.25
2007-10-02 16:00:00,1548.01,1540.37
2007-10-03 16:00:00,1545.84,1536.34
2007-10-04 16:00:00,1544.02,1537.63
2007-10-05 16:00:00,1561.91,1543.84
2007-10-08 16:00:00,1556.51,1549
2007-10-09 16:00:00,1565.26,1551.82
2007-10-10 16:00:00,1565.42,1555.46
2007-10-11 16:00:00,1576.09,1546.72
2007-10-12 16:00:00,1563.03,1554.09
2007-10-15 16:00:00,1564.74,1540.81
2007-10-16 16:00:00,1547.11,1536.29
2007-10-17 16:00:00,1550.66,1526.01
2007-10-18 16:00:00,1542.79,1531.76
2007-10-19 16:00:00,1540,1500.26
2007-10-22 16:00:00,1508.06,1490.4
2007-10-23 16:00:00,1520.01,1503.61
2007-10-24 16:00:00,1517.23,1489.85
2007-10-25 16:00:00,1523.24,1500.46
2007-10-26 16:00:00,1535.53,1520.18
2007-10-29 16:00:00,1544.67,1536.43
2007-10-30 16:00:00,1539.42,1529.55
2007-10-31 16:00:00,1552.76,1529.4
2007-11-01 16:00:00,1545.79,1506.66
2007-11-02 16:00:00,1513.15,1492.53
2007-11-05 16:00:00,1510.84,1489.95
2007-11-06 16:00:00,1520.77,1499.07
2007-11-07 16:00:00,1515.46,1475.04
2007-11-08 16:00:00,1482.5,1450.44
2007-11-09 16:00:00,1474.09,1448.51
2007-11-12 16:00:00,1464.94,1438.53
2007-11-13 16:00:00,1481.37,1443.88
2007-11-14 16:00:00,1491.35,1466.47
2007-11-15 16:00:00,1472.42,1443.8
2007-11-16 16:00:00,1462.18,1444.3
2007-11-19 16:00:00,1456.7,1430.42
2007-11-20 16:00:00,1452.22,1419.28
2007-11-21 16:00:00,1436.37,1415.64
2007-11-23 16:00:00,1440.86,1417.62
2007-11-26 16:00:00,1445.56,1406.1
2007-11-27 16:00:00,1429.49,1407.84
2007-11-28 16:00:00,1471.62,1432.95
2007-11-29 16:00:00,1473.81,1458.36
2007-11-30 16:00:00,1488.94,1470.89
2007-12-03 16:00:00,1481,1470.08
2007-12-04 16:00:00,1471.34,1460.88
2007-12-05 16:00:00,1486.09,1465.22
2007-12-06 16:00:00,1508.02,1482.19
2007-12-07 16:00:00,1510.63,1502.66
2007-12-10 16:00:00,1518.27,1504.96
2007-12-11 16:00:00,1523.57,1475.99
2007-12-12 16:00:00,1511.96,1468.23
2007-12-13 16:00:00,1489.4,1469.21
2007-12-14 16:00:00,1486.67,1467.78
2007-12-17 16:00:00,1465.05,1445.43
2007-12-18 16:00:00,1460.16,1435.65
2007-12-19 16:00:00,1464.42,1445.31
2007-12-20 16:00:00,1461.53,1447.22
2007-12-21 16:00:00,1485.4,1463.19
2007-12-24 16:00:00,1497.63,1484.55
2007-12-26 16:00:00,1498.85,1488.2
2007-12-27 16:00:00,1495.05,1475.86
2007-12-28 16:00:00,1487.84,1471.7
2007-12-31 16:00:00,1475.83,1465.13
2008-01-02 16:00:00,1471.77,1442.07
2008-01-03 16:00:00,1456.8,1443.73
2008-01-04 16:00:00,1444.01,1411.19
2008-01-07 16:00:00,1423.87,1403.45
2008-01-08 16:00:00,1430.28,1388.3
2008-01-09 16:00:00,1409.19,1378.7
2008-01-10 16:00:00,1429.09,1395.31
2008-01-11 16:00:00,1419.91,1394.83
2008-01-14 16:00:00,1417.89,1402.91
2008-01-15 16:00:00,1411.88,1380.6
2008-01-16 16:00:00,1391.99,1364.43
2008-01-17 16:00:00,1377.72,1330.67
2008-01-18 16:00:00,1350.28,1312.51
2008-01-22 16:00:00,1322.09,1274.29
2008-01-23 16:00:00,1339.09,1270.05
2008-01-24 16:00:00,1355.15,1334.31
2008-01-25 16:00:00,1368.05,1327.5
2008-01-28 16:00:00,1353.97,1322.43
2008-01-29 16:00:00,1364.93,1350.19
2008-01-30 16:00:00,1385.86,1352.95
2008-01-31 16:00:00,1385.62,1334.08
2008-02-01 16:00:00,1396.02,1375.93
2008-02-04 16:00:00,1394.89,1379.69
2008-02-05 16:00:00,1380.28,1336.64
2008-02-06 16:00:00,1351.96,1324.34
2008-02-07 16:00:00,1347.16,1316.75
2008-02-08 16:00:00,1341.22,1321.06
2008-02-11 16:00:00,1341.4,1320.32
2008-02-12 16:00:00,1362.1,1339.36
2008-02-13 16:00:00,1369.23,1350.78
2008-02-14 16:00:00,1368.16,1347.31
2008-02-15 16:00:00,1350,1338.13
2008-02-19 16:00:00,1367.28,1345.72
2008-02-20 16:00:00,1363.71,1336.55
2008-02-21 16:00:00,1367.94,1339.34
2008-02-22 16:00:00,1354.3,1327.04
2008-02-25 16:00:00,1374.36,1346.03
2008-02-26 16:00:00,1387.34,1363.29
2008-02-27 16:00:00,1388.34,1372
2008-02-28 16:00:00,1378.16,1363.16
2008-02-29 16:00:00,1364.07,1325.42
2008-03-03 16:00:00,1335.13,1320.04
2008-03-04 16:00:00,1331.03,1307.39
2008-03-05 16:00:00,1344.19,1320.22
2008-03-06 16:00:00,1332.2,1303.42
2008-03-07 16:00:00,1313.24,1282.43
2008-03-10 16:00:00,1295.01,1272.66
2008-03-11 16:00:00,1320.65,1280.76
2008-03-12 16:00:00,1333.26,1307.86
2008-03-13 16:00:00,1321.68,1282.11
2008-03-14 16:00:00,1321.47,1274.86
2008-03-17 16:00:00,1287.5,1256.98
2008-03-18 16:00:00,1330.74,1277.16
2008-03-19 16:00:00,1341.51,1298.42
2008-03-20 16:00:00,1330.67,1295.22
2008-03-24 16:00:00,1359.68,1330.29
2008-03-25 16:00:00,1357.47,1341.21
2008-03-26 16:00:00,1350.16,1336.41
2008-03-27 16:00:00,1345.62,1325.66
2008-03-28 16:00:00,1334.87,1312.95
2008-03-31 16:00:00,1328.52,1312.81
2008-04-01 16:00:00,1370.18,1326.41
2008-04-02 16:00:00,1377.95,1361.55
2008-04-03 16:00:00,1375.66,1358.68
2008-04-04 16:00:00,1380.76,1362.83
2008-04-07 16:00:00,1386.74,1369.02
2008-04-08 16:00:00,1370.16,1360.62
2008-04-09 16:00:00,1368.39,1349.97
2008-04-10 16:00:00,1367.24,1350.11
2008-04-11 16:00:00,1357.98,1331.21
2008-04-14 16:00:00,1335.64,1326.16
2008-04-15 16:00:00,1337.72,1324.35
2008-04-16 16:00:00,1365.49,1337.02
2008-04-17 16:00:00,1368.6,1357.25
2008-04-18 16:00:00,1395.9,1369
2008-04-21 16:00:00,1390.23,1379.25
2008-04-22 16:00:00,1386.43,1369.84
2008-04-23 16:00:00,1387.87,1372.24
2008-04-24 16:00:00,1397.72,1371.09
2008-04-25 16:00:00,1399.02,1380.25
2008-04-28 16:00:00,1402.9,1394.82
2008-04-29 16:00:00,1397,1386.7
2008-04-30 16:00:00,1404.57,1384.27
2008-05-01 16:00:00,1409.94,1383.07
2008-05-02 16:00:00,1422.53,1406.35
2008-05-05 16:00:00,1415.34,1404.37
2008-05-06 16:00:00,1421.11,1397.1
2008-05-07 16:00:00,1419.54,1391.16
2008-05-08 16:00:00,1402.35,1389.39
2008-05-09 16:00:00,1394.9,1384.11
2008-05-12 16:00:00,1404.06,1386.2
2008-05-13 16:00:00,1406.3,1396.26
2008-05-14 16:00:00,1420.19,1405.65
2008-05-15 16:00:00,1424.02,1406.98
2008-05-16 16:00:00,1425.82,1414.35
2008-05-19 16:00:00,1440.24,1421.83
2008-05-20 16:00:00,1424.49,1409.09
2008-05-21 16:00:00,1418.89,1388.84
2008-05-22 16:00:00,1399.07,1390.23
2008-05-23 16:00:00,1392.2,1373.86
2008-05-27 16:00:00,1387.16,1373.07
2008-05-28 16:00:00,1391.25,1378.16
2008-05-29 16:00:00,1406.32,1388.59
2008-05-30 16:00:00,1404.46,1398.08
2008-06-02 16:00:00,1399.62,1377.79
2008-06-03 16:00:00,1393.09,1370.12
2008-06-04 16:00:00,1388.18,1371.74
2008-06-05 16:00:00,1404.05,1377.48
2008-06-06 16:00:00,1400.06,1359.9
2008-06-09 16:00:00,1370.63,1350.68
2008-06-10 16:00:00,1366.8,1351.72
2008-06-11 16:00:00,1357.09,1335.47
2008-06-12 16:00:00,1353.03,1331.6
2008-06-13 16:00:00,1360.03,1341.81
2008-06-16 16:00:00,1364.59,1352.07
2008-06-17 16:00:00,1366.59,1350.76
2008-06-18 16:00:00,1349.59,1333.4
2008-06-19 16:00:00,1347.66,1330.5
2008-06-20 16:00:00,1341.02,1314.46
2008-06-23 16:00:00,1323.78,1315.31
2008-06-24 16:00:00,1326.02,1305.2
2008-06-25 16:00:00,1335.36,1316.63
2008-06-26 16:00:00,1316.29,1283.15
2008-06-27 16:00:00,1289.33,1272.24
2008-06-30 16:00:00,1290.1,1275.44
2008-07-01 16:00:00,1285.07,1260.94
2008-07-02 16:00:00,1292.07,1261.52
2008-07-03 16:00:00,1271.48,1253.46
2008-07-07 16:00:00,1273.95,1241.16
2008-07-08 16:00:00,1274.17,1242.84
2008-07-09 16:00:00,1277.36,1244.61
2008-07-10 16:00:00,1257.64,1236.76
2008-07-11 16:00:00,1257.27,1225.35
2008-07-14 16:00:00,1253.2,1225.09
2008-07-15 16:00:00,1234.04,1200.99
2008-07-16 16:00:00,1245.36,1211.91
2008-07-17 16:00:00,1262.31,1241.65
2008-07-18 16:00:00,1262.23,1251.81
2008-07-21 16:00:00,1267.47,1255.7
2008-07-22 16:00:00,1277.42,1249.19
2008-07-23 16:00:00,1291.17,1276.28
2008-07-24 16:00:00,1283.22,1251.63
2008-07-25 16:00:00,1262.92,1251.75
2008-07-28 16:00:00,1260.09,1234.37
2008-07-29 16:00:00,1263.2,1236.38
2008-07-30 16:00:00,1284.33,1264.52
2008-07-31 16:00:00,1284.93,1265.97
2008-08-01 16:00:00,1270.49,1254.54
2008-08-04 16:00:00,1260.49,1247.54
2008-08-05 16:00:00,1284.88,1254.67
2008-08-06 16:00:00,1291.67,1276.02
2008-08-07 16:00:00,1286.51,1264.29
2008-08-08 16:00:00,1297.85,1262.11
2008-08-11 16:00:00,1313.15,1291.41
2008-08-12 16:00:00,1304.79,1285.64
2008-08-13 16:00:00,1293.35,1274.86
2008-08-14 16:00:00,1299.5,1277.12
2008-08-15 16:00:00,1301.62,1291.01
2008-08-18 16:00:00,1300.06,1274.51
2008-08-19 16:00:00,1276.65,1263.11
2008-08-20 16:00:00,1275.81,1261.32
2008-08-21 16:00:00,1281.4,1265.22
2008-08-22 16:00:00,1293.09,1279.28
2008-08-25 16:00:00,1290.47,1264.87
2008-08-26 16:00:00,1275.65,1263.21
2008-08-27 16:00:00,1285.05,1270.03
2008-08-28 16:00:00,1300.68,1283.79
2008-08-29 16:00:00,1297.5,1282.74
2008-09-02 16:00:00,1303.04,1272.2
2008-09-03 16:00:00,1280.6,1265.76
2008-09-04 16:00:00,1271.8,1232.83
2008-09-05 16:00:00,1244.94,1217.23
2008-09-08 16:00:00,1274.33,1247.12
2008-09-09 16:00:00,1268.59,1224.51
2008-09-10 16:00:00,1243.9,1221.6
2008-09-11 16:00:00,1249.83,1211.82
2008-09-12 16:00:00,1255.09,1233.81
2008-09-15 16:00:00,1250.92,1192.7
2008-09-16 16:00:00,1214.07,1169.28
2008-09-17 16:00:00,1210.34,1155.88
2008-09-18 16:00:00,1209.82,1133.5
2008-09-19 16:00:00,1264.46,1213.11
2008-09-22 16:00:00,1255.37,1205.88
2008-09-23 16:00:00,1221.15,1187.44
2008-09-24 16:00:00,1197.41,1180.71
2008-09-25 16:00:00,1220.03,1187.87
2008-09-26 16:00:00,1215.41,1188.05
2008-09-29 16:00:00,1195.18,1106.42
2008-09-30 16:00:00,1167.66,1126.45
2008-10-01 16:00:00,1166.4,1141.44
2008-10-02 16:00:00,1150.68,1112.11
2008-10-03 16:00:00,1153.82,1099.23
2008-10-06 16:00:00,1097.56,1008.93
2008-10-07 16:00:00,1067.72,996.23
2008-10-08 16:00:00,1019.08,972.16
2008-10-09 16:00:00,1003.87,909.92
2008-10-10 16:00:00,926.47,844.05
2008-10-13 16:00:00,1005.78,921.28
2008-10-14 16:00:00,1043.95,972.97
2008-10-15 16:00:00,976.08,906.64
2008-10-16 16:00:00,946.43,866.67
2008-10-17 16:00:00,983.36,922.08
2008-10-20 16:00:00,985.4,946.52
2008-10-21 16:00:00,983.26,954.42
2008-10-22 16:00:00,934.54,879.12
2008-10-23 16:00:00,918.76,862.9
2008-10-24 16:00:00,896.3,854.81
2008-10-27 16:00:00,892.62,848.09
2008-10-28 16:00:00,940.51,848.28
2008-10-29 16:00:00,967.81,927.9
2008-10-30 16:00:00,961.96,930.2
2008-10-31 16:00:00,983.87,945.14
2008-11-03 16:00:00,974.54,958.82
2008-11-04 16:00:00,1007.37,981.95
2008-11-05 16:00:00,1000.17,952.3
2008-11-06 16:00:00,951.8,900.07
2008-11-07 16:00:00,930.99,909.15
2008-11-10 16:00:00,948.42,907.61
2008-11-11 16:00:00,914.37,885.2
2008-11-12 16:00:00,887.79,851.57
2008-11-13 16:00:00,912.62,821.02
2008-11-14 16:00:00,914.35,869.91
2008-11-17 16:00:00,881.31,850.45
2008-11-18 16:00:00,864.66,827.83
2008-11-19 16:00:00,863.48,806.54
2008-11-20 16:00:00,814.56,747.88
2008-11-21 16:00:00,800.23,744.24
2008-11-24 16:00:00,865.6,801.2
2008-11-25 16:00:00,868.94,834.99
2008-11-26 16:00:00,887.68,841.37
2008-11-28 16:00:00,896.25,881.21
2008-12-01 16:00:00,888.61,815.69
2008-12-02 16:00:00,850.54,817.94
2008-12-03 16:00:00,873.12,827.6
2008-12-04 16:00:00,875.6,833.6
2008-12-05 16:00:00,879.42,818.41
2008-12-08 16:00:00,918.57,882.71
2008-12-09 16:00:00,916.26,885.38
2008-12-10 16:00:00,908.27,885.45
2008-12-11 16:00:00,904.63,868.73
2008-12-12 16:00:00,883.24,851.35
2008-12-15 16:00:00,884.63,857.72
2008-12-16 16:00:00,914.66,871.53
2008-12-17 16:00:00,918.85,895.94
2008-12-18 16:00:00,911.02,877.44
2008-12-19 16:00:00,905.47,883.02
2008-12-22 16:00:00,887.37,857.09
2008-12-23 16:00:00,880.44,860.1
2008-12-24 16:00:00,869.79,861.44
2008-12-26 16:00:00,873.74,866.52
2008-12-29 16:00:00,873.7,857.07
2008-12-30 16:00:00,891.12,870.58
2008-12-31 16:00:00,910.32,889.67
2009-01-02 16:00:00,934.73,899.35
2009-01-05 16:00:00,936.63,919.53
2009-01-06 16:00:00,943.85,927.28
2009-01-07 16:00:00,927.45,902.37
2009-01-08 16:00:00,910,896.81
2009-01-09 16:00:00,911.93,888.31
2009-01-12 16:00:00,890.4,864.32
2009-01-13 16:00:00,877.02,862.02
2009-01-14 16:00:00,867.28,836.93
2009-01-15 16:00:00,851.59,817.04
2009-01-16 16:00:00,858.13,830.66
2009-01-20 16:00:00,849.64,804.47
2009-01-21 16:00:00,841.72,804.3
2009-01-22 16:00:00,839.74,811.29
2009-01-23 16:00:00,838.61,806.07
2009-01-26 16:00:00,852.53,827.69
2009-01-27 16:00:00,850.45,835.4
2009-01-28 16:00:00,877.86,845.73
2009-01-29 16:00:00,868.89,844.15
2009-01-30 16:00:00,851.66,821.67
2009-02-02 16:00:00,830.78,812.87
2009-02-03 16:00:00,842.6,821.98
2009-02-04 16:00:00,851.85,829.18
2009-02-05 16:00:00,850.55,819.91
2009-02-06 16:00:00,870.75,845.42
2009-02-09 16:00:00,875.01,861.65
2009-02-10 16:00:00,868.05,822.99
2009-02-11 16:00:00,838.22,822.3
2009-02-12 16:00:00,835.48,808.06
2009-02-13 16:00:00,839.43,825.21
2009-02-17 16:00:00,818.61,789.17
2009-02-18 16:00:00,796.17,780.43
2009-02-19 16:00:00,797.58,777.03
2009-02-20 16:00:00,778.69,754.25
2009-02-23 16:00:00,777.85,742.37
2009-02-24 16:00:00,775.49,744.69
2009-02-25 16:00:00,780.12,752.89
2009-02-26 16:00:00,779.42,751.75
2009-02-27 16:00:00,751.27,734.52
2009-03-02 16:00:00,729.57,699.7
2009-03-03 16:00:00,711.67,692.3
2009-03-04 16:00:00,712.87,712.86
2009-03-05 16:00:00,708.27,677.93
2009-03-06 16:00:00,699.09,666.79
2009-03-09 16:00:00,695.27,672.88
2009-03-10 16:00:00,719.6,679.28
2009-03-11 16:00:00,731.92,713.85
2009-03-12 16:00:00,752.63,714.76
2009-03-13 16:00:00,758.29,742.46
2009-03-16 16:00:00,774.53,753.37
2009-03-17 16:00:00,778.12,749.93
2009-03-18 16:00:00,803.04,765.64
2009-03-19 16:00:00,803.24,781.82
2009-03-20 16:00:00,788.91,766.2
2009-03-23 16:00:00,823.37,772.31
2009-03-24 16:00:00,875.01,666.79
2009-03-25 16:00:00,826.78,791.37
2009-03-26 16:00:00,832.98,814.06
2009-03-27 16:00:00,828.68,813.43
2009-03-30 16:00:00,809.07,779.81
2009-03-31 16:00:00,810.48,790.88
2009-04-01 16:00:00,813.62,783.32
2009-04-02 16:00:00,845.61,814.53
2009-04-03 16:00:00,842.5,826.7
2009-04-06 16:00:00,839.75,822.79
2009-04-07 16:00:00,825.56,814.53
2009-04-08 16:00:00,828.42,814.84
2009-04-09 16:00:00,856.91,829.29
2009-04-13 16:00:00,864.31,845.35
2009-04-14 16:00:00,856.88,840.25
2009-04-15 16:00:00,852.93,835.58
2009-04-16 16:00:00,870.35,847.04
2009-04-17 16:00:00,875.63,860.87
2009-04-20 16:00:00,868.27,832.39
2009-04-21 16:00:00,850.09,826.83
2009-04-22 16:00:00,861.78,840.57
2009-04-23 16:00:00,852.87,835.45
2009-04-24 16:00:00,871.8,853.91
2009-04-27 16:00:00,868.83,854.65
2009-04-28 16:00:00,864.48,847.12
2009-04-29 16:00:00,882.06,856.85
2009-04-30 16:00:00,888.7,868.51
2009-05-01 16:00:00,880.48,866.1
2009-05-04 16:00:00,907.85,879.21
2009-05-05 16:00:00,907.7,897.34
2009-05-06 16:00:00,920.28,903.95
2009-05-07 16:00:00,929.58,901.36
2009-05-08 16:00:00,930.17,909.03
2009-05-11 16:00:00,918.72,908.68
2009-05-12 16:00:00,915.57,896.46
2009-05-13 16:00:00,905.4,882.8
2009-05-14 16:00:00,898.36,882.52
2009-05-15 16:00:00,896.97,878.94
2009-05-18 16:00:00,910,886.07
2009-05-19 16:00:00,916.39,905.22
2009-05-20 16:00:00,924.6,901.37
2009-05-21 16:00:00,900.42,879.61
2009-05-22 16:00:00,896.65,883.75
2009-05-26 16:00:00,911.76,881.46
2009-05-27 16:00:00,913.84,891.87
2009-05-28 16:00:00,909.45,887.6
2009-05-29 16:00:00,920.02,903.56
2009-06-01 16:00:00,947.77,923.26
2009-06-02 16:00:00,949.38,938.46
2009-06-03 16:00:00,942.51,923.85
2009-06-04 16:00:00,942.47,929.32
2009-06-05 16:00:00,951.69,934.13
2009-06-08 16:00:00,946.33,926.44
2009-06-09 16:00:00,946.92,936.15
2009-06-10 16:00:00,949.77,927.97
2009-06-11 16:00:00,956.23,939.04
2009-06-12 16:00:00,946.3,935.66
2009-06-15 16:00:00,942.45,919.65
2009-06-16 16:00:00,928,911.6
2009-06-17 16:00:00,918.44,903.78
2009-06-18 16:00:00,921.93,907.94
2009-06-19 16:00:00,927.09,915.8
2009-06-22 16:00:00,918.13,893.04
2009-06-23 16:00:00,898.69,888.86
2009-06-24 16:00:00,910.85,896.31
2009-06-25 16:00:00,921.42,896.27
2009-06-26 16:00:00,922,913.03
2009-06-29 16:00:00,927.99,916.18
2009-06-30 16:00:00,930.01,912.86
2009-07-01 16:00:00,931.92,920.82
2009-07-02 16:00:00,921.24,896.42
2009-07-06 16:00:00,898.72,886.36
2009-07-07 16:00:00,898.6,879.93
2009-07-08 16:00:00,886.8,869.32
2009-07-09 16:00:00,887.86,878.45
2009-07-10 16:00:00,883.57,872.81
2009-07-13 16:00:00,901.05,875.32
2009-07-14 16:00:00,905.84,896.5
2009-07-15 16:00:00,933.95,910.15
2009-07-16 16:00:00,943.96,927.45
2009-07-17 16:00:00,941.89,934.65
2009-07-20 16:00:00,951.62,940.99
2009-07-21 16:00:00,956.53,943.22
2009-07-22 16:00:00,959.83,947.75
2009-07-23 16:00:00,979.42,953.27
2009-07-24 16:00:00,979.79,965.95
2009-07-27 16:00:00,982.49,972.29
2009-07-28 16:00:00,982.35,969.35
2009-07-29 16:00:00,977.76,968.65
2009-07-30 16:00:00,996.68,976.01
2009-07-31 16:00:00,993.18,982.85
2009-08-03 16:00:00,1003.61,990.22
2009-08-04 16:00:00,1007.12,996.68
2009-08-05 16:00:00,1006.64,994.31
2009-08-06 16:00:00,1008,992.49
2009-08-07 16:00:00,1018,999.83
2009-08-10 16:00:00,1010.12,1000.99
2009-08-11 16:00:00,1005.77,992.4
2009-08-12 16:00:00,1012.78,993.36
2009-08-13 16:00:00,1013.14,1000.82
2009-08-14 16:00:00,1012.6,994.6
2009-08-17 16:00:00,998.18,978.51
2009-08-18 16:00:00,991.2,980.62
2009-08-19 16:00:00,999.61,980.62
2009-08-20 16:00:00,1008.92,996.39
2009-08-21 16:00:00,1027.59,1009.06
2009-08-24 16:00:00,1035.81,1022.48
2009-08-25 16:00:00,1037.75,1026.21
2009-08-26 16:00:00,1032.47,1021.57
2009-08-27 16:00:00,1033.32,1016.2
2009-08-28 16:00:00,1039.47,1023.13
2009-08-31 16:00:00,1025.21,1014.62
2009-09-01 16:00:00,1028.44,996.28
2009-09-02 16:00:00,1000.34,991.97
2009-09-03 16:00:00,1003.43,992.25
2009-09-04 16:00:00,1016.48,1001.65
2009-09-08 16:00:00,1026.06,1018.67
2009-09-09 16:00:00,1036.34,1023.97
2009-09-10 16:00:00,1044.14,1028.04
2009-09-11 16:00:00,1048.18,1038.4
2009-09-14 16:00:00,1049.74,1035
2009-09-15 16:00:00,1056.04,1043.42
2009-09-16 16:00:00,1068.76,1052.87
2009-09-17 16:00:00,1074.77,1061.19
2009-09-18 16:00:00,1071.52,1064.27
2009-09-21 16:00:00,1067.28,1057.46
2009-09-22 16:00:00,1073.81,1066.35
2009-09-23 16:00:00,1080.15,1060.39
2009-09-24 16:00:00,1066.29,1045.85
2009-09-25 16:00:00,1053.47,1041.17
2009-09-28 16:00:00,1065.13,1045.38
2009-09-29 16:00:00,1069.62,1057.82
2009-09-30 16:00:00,1063.4,1046.47
2009-10-01 16:00:00,1054.91,1029.44
2009-10-02 16:00:00,1030.6,1019.95
2009-10-05 16:00:00,1042.57,1025.92
2009-10-06 16:00:00,1060.55,1042.02
2009-10-07 16:00:00,1058.02,1050.1
2009-10-08 16:00:00,1070.67,1060.03
2009-10-09 16:00:00,1071.51,1063
2009-10-12 16:00:00,1079.46,1071.63
2009-10-13 16:00:00,1075.3,1066.71
2009-10-14 16:00:00,1093.17,1078.68
2009-10-15 16:00:00,1096.56,1086.41
2009-10-16 16:00:00,1094.67,1081.53
2009-10-19 16:00:00,1100.17,1086.48
2009-10-20 16:00:00,1098.64,1086.16
2009-10-21 16:00:00,1101.36,1080.77
2009-10-22 16:00:00,1095.21,1074.31
2009-10-23 16:00:00,1095.82,1075.49
2009-10-26 16:00:00,1091.75,1065.23
2009-10-27 16:00:00,1072.48,1060.62
2009-10-28 16:00:00,1063.26,1042.18
2009-10-29 16:00:00,1066.82,1043.68
2009-10-30 16:00:00,1065.41,1033.38
2009-11-02 16:00:00,1052.18,1029.38
2009-11-03 16:00:00,1046.36,1033.93
2009-11-04 16:00:00,1061,1045.15
2009-11-05 16:00:00,1066.65,1047.3
2009-11-06 16:00:00,1071.48,1059.31
2009-11-09 16:00:00,1093.18,1072.31
2009-11-10 16:00:00,1096.42,1087.4
2009-11-11 16:00:00,1105.37,1093.81
2009-11-12 16:00:00,1101.97,1084.9
2009-11-13 16:00:00,1097.79,1085.32
2009-11-16 16:00:00,1113.68,1094.13
2009-11-17 16:00:00,1110.52,1102.18
2009-11-18 16:00:00,1111.1,1102.69
2009-11-19 16:00:00,1106.43,1088.4
2009-11-20 16:00:00,1094.66,1086.81
2009-11-23 16:00:00,1112.38,1094.86
2009-11-24 16:00:00,1107.56,1097.63
2009-11-25 16:00:00,1111.18,1104.75
2009-11-27 16:00:00,1105.47,1083.74
2009-11-30 16:00:00,1097.24,1086.25
2009-12-01 16:00:00,1112.28,1098.89
2009-12-02 16:00:00,1115.57,1105.29
2009-12-03 16:00:00,1117.28,1098.74
2009-12-04 16:00:00,1119.13,1096.52
2009-12-07 16:00:00,1110.72,1100.82
2009-12-08 16:00:00,1103.04,1088.61
2009-12-09 16:00:00,1097.04,1085.89
2009-12-10 16:00:00,1106.25,1098.68
2009-12-11 16:00:00,1108.5,1101.34
2009-12-14 16:00:00,1114.76,1107.84
2009-12-15 16:00:00,1114.11,1105.35
2009-12-16 16:00:00,1116.21,1107.96
2009-12-17 16:00:00,1106.36,1095.88
2009-12-18 16:00:00,1103.74,1093.88
2009-12-21 16:00:00,1117.68,1105.31
2009-12-22 16:00:00,1120.27,1114.51
2009-12-23 16:00:00,1121.57,1116
2009-12-24 16:00:00,1126.48,1121.07
2009-12-28 16:00:00,1130.38,1123.51
2009-12-29 16:00:00,1130.38,1126.07
2009-12-30 16:00:00,1126.42,1121.93
2009-12-31 16:00:00,1127.64,1114.81
2010-01-04 16:00:00,1133.87,1116.56
2010-01-05 16:00:00,1136.63,1129.66
2010-01-06 16:00:00,1139.18,1133.94
2010-01-07 16:00:00,1142.46,1131.31
2010-01-08 16:00:00,1145.39,1136.22
2010-01-11 16:00:00,1149.74,1047.28
2010-01-12 16:00:00,1143.81,1131.77
2010-01-13 16:00:00,1148.4,1133.18
2010-01-14 16:00:00,1150.41,1143.8
2010-01-15 16:00:00,1147.77,1131.39
2010-01-19 16:00:00,1150.44,1135.77
2010-01-20 16:00:00,1147.94,1129.25
2010-01-21 16:00:00,1141.57,1114.84
2010-01-22 16:00:00,1115.49,1090.18
2010-01-25 16:00:00,1102.97,1092.4
2010-01-26 16:00:00,1103.68,1089.86
2010-01-27 16:00:00,1099.51,1083.11
2010-01-28 16:00:00,1100.22,1078.46
2010-01-29 16:00:00,1096.44,1071.59
2010-02-01 16:00:00,1089.38,1073.89
2010-02-02 16:00:00,1104.73,1087.96
2010-02-03 16:00:00,1102.72,1093.97
2010-02-04 16:00:00,1097.25,1062.78
2010-02-05 16:00:00,1067.13,1044.5
2010-02-08 16:00:00,1071.19,1056.51
2010-02-09 16:00:00,1079.28,1060.06
2010-02-10 16:00:00,1073.67,1059.34
2010-02-11 16:00:00,1080.04,1060.59
2010-02-12 16:00:00,1077.81,1062.97
2010-02-16 16:00:00,1095.67,1079.13
2010-02-17 16:00:00,1101.03,1094.72
2010-02-18 16:00:00,1108.24,1097.48
2010-02-19 16:00:00,1112.42,1100.8
2010-02-22 16:00:00,1112.29,1105.38
2010-02-23 16:00:00,1108.57,1092.18
2010-02-24 16:00:00,1106.42,1095.5
2010-02-25 16:00:00,1103.5,1086.02
2010-02-26 16:00:00,1107.24,1097.56
2010-03-01 16:00:00,1116.11,1105.36
2010-03-02 16:00:00,1123.46,1116.51
2010-03-03 16:00:00,1125.64,1116.57
2010-03-04 16:00:00,1123.73,1116.66
2010-03-05 16:00:00,1139.38,1125.12
2010-03-08 16:00:00,1141.05,1136.77
2010-03-09 16:00:00,1145.37,1134.9
2010-03-10 16:00:00,1148.26,1140.09
2010-03-11 16:00:00,1150.24,1138.99
2010-03-12 16:00:00,1153.41,1146.97
2010-03-15 16:00:00,1150.98,1141.44
2010-03-16 16:00:00,1160.28,1150.35
2010-03-17 16:00:00,1169.84,1159.46
2010-03-18 16:00:00,1167.77,1161.16
2010-03-19 16:00:00,1169.19,1155.32
2010-03-22 16:00:00,1167.81,1152.88
2010-03-23 16:00:00,1174.72,1163.82
2010-03-24 16:00:00,1173.04,1166.01
2010-03-25 16:00:00,1180.68,1165.09
2010-03-26 16:00:00,1173.93,1161.48
2010-03-29 16:00:00,1174.85,1167.71
2010-03-30 16:00:00,1177.82,1168.92
2010-03-31 16:00:00,1174.56,1165.77
2010-04-01 16:00:00,1181.43,1170.68
2010-04-05 16:00:00,1187.73,1178.71
2010-04-06 16:00:00,1191.8,1182.77
2010-04-07 16:00:00,1189.6,1177.25
2010-04-08 16:00:00,1188.55,1175.12
2010-04-09 16:00:00,1194.66,1187.15
2010-04-12 16:00:00,1199.19,1194.71
2010-04-13 16:00:00,1199.04,1188.81
2010-04-14 16:00:00,1210.65,1198.68
2010-04-15 16:00:00,1213.92,1208.5
2010-04-16 16:00:00,1210.17,1186.77
2010-04-19 16:00:00,1197.87,1183.68
2010-04-20 16:00:00,1208.57,1199.04
2010-04-21 16:00:00,1210.99,1198.85
2010-04-22 16:00:00,1210.27,1190.18
2010-04-23 16:00:00,1217.28,1205.1
2010-04-26 16:00:00,1219.8,1211.06
2010-04-27 16:00:00,1211.38,1181.62
2010-04-28 16:00:00,1195.05,1181.81
2010-04-29 16:00:00,1209.36,1193.3
2010-04-30 16:00:00,1207.99,1186.31
2010-05-03 16:00:00,1205.13,1188.57
2010-05-04 16:00:00,1197.5,1168.12
2010-05-05 16:00:00,1175.94,1158.15
2010-05-06 16:00:00,1167.57,1065.79
2010-05-07 16:00:00,1135.13,1094.15
2010-05-10 16:00:00,1163.85,1122.27
2010-05-11 16:00:00,1170.48,1147.71
2010-05-12 16:00:00,1172.87,1155.43
2010-05-13 16:00:00,1173.56,1156.14
2010-05-14 16:00:00,1157.18,1126.14
2010-05-17 16:00:00,1141.88,1114.96
2010-05-18 16:00:00,1148.66,1117.2
2010-05-19 16:00:00,1124.27,1100.66
2010-05-20 16:00:00,1107.34,1071.58
2010-05-21 16:00:00,1090.16,1055.9
2010-05-24 16:00:00,1089.95,1072.7
2010-05-25 16:00:00,1074.75,1040.78
2010-05-26 16:00:00,1090.75,1065.59
2010-05-27 16:00:00,1103.52,1074.27
2010-05-28 16:00:00,1102.59,1084.78
2010-06-01 16:00:00,1094.77,1069.89
2010-06-02 16:00:00,1098.56,1072.03
2010-06-03 16:00:00,1105.67,1091.81
2010-06-04 16:00:00,1098.43,1060.5
2010-06-07 16:00:00,1071.36,1049.86
2010-06-08 16:00:00,1063.15,1042.17
2010-06-09 16:00:00,1077.74,1052.25
2010-06-10 16:00:00,1087.85,1058.77
2010-06-11 16:00:00,1092.25,1077.12
2010-06-14 16:00:00,1105.91,1089.03
2010-06-15 16:00:00,1115.59,1091.21
2010-06-16 16:00:00,1118.74,1107.13
2010-06-17 16:00:00,1117.72,1105.87
2010-06-18 16:00:00,1121.01,1113.93
2010-06-21 16:00:00,1131.23,1108.24
2010-06-22 16:00:00,1118.5,1094.18
2010-06-23 16:00:00,1099.64,1085.31
2010-06-24 16:00:00,1090.93,1071.6
2010-06-25 16:00:00,1083.56,1067.89
2010-06-28 16:00:00,1082.6,1071.45
2010-06-29 16:00:00,1071.1,1035.18
2010-06-30 16:00:00,1048.08,1028.33
2010-07-01 16:00:00,1033.58,1010.91
2010-07-02 16:00:00,1032.95,1015.93
2010-07-06 16:00:00,1042.5,1018.35
2010-07-07 16:00:00,1060.89,1028.54
2010-07-08 16:00:00,1071.25,1058.24
2010-07-09 16:00:00,1078.16,1068.1
2010-07-12 16:00:00,1080.78,1070.45
2010-07-13 16:00:00,1099.46,1080.65
2010-07-14 16:00:00,1099.08,1087.68
2010-07-15 16:00:00,1098.66,1080.53
2010-07-16 16:00:00,1093.85,1063.32
2010-07-19 16:00:00,1074.7,1061.11
2010-07-20 16:00:00,1083.94,1056.88
2010-07-21 16:00:00,1088.96,1065.25
2010-07-22 16:00:00,1097.5,1072.14
2010-07-23 16:00:00,1103.73,1087.88
2010-07-26 16:00:00,1115.01,1101.3
2010-07-27 16:00:00,1120.95,1109.78
2010-07-28 16:00:00,1114.66,1103.11
2010-07-29 16:00:00,1115.9,1092.82
2010-07-30 16:00:00,1106.44,1088.01
2010-08-02 16:00:00,1127.3,1107.53
2010-08-03 16:00:00,1125.44,1116.76
2010-08-04 16:00:00,1128.75,1119.46
2010-08-05 16:00:00,1126.56,1118.81
2010-08-06 16:00:00,1123.06,1107.17
2010-08-09 16:00:00,1129.24,1120.91
2010-08-10 16:00:00,1127.16,1111.58
2010-08-11 16:00:00,1116.89,1088.55
2010-08-12 16:00:00,1086.72,1076.69
2010-08-13 16:00:00,1086.25,1079
2010-08-16 16:00:00,1082.62,1069.49
2010-08-17 16:00:00,1100.14,1081.16
2010-08-18 16:00:00,1099.77,1085.76
2010-08-19 16:00:00,1092.44,1070.66
2010-08-20 16:00:00,1075.63,1063.91
2010-08-23 16:00:00,1081.58,1067.08
2010-08-24 16:00:00,1063.2,1046.68
2010-08-25 16:00:00,1059.38,1039.83
2010-08-26 16:00:00,1061.45,1045.4
2010-08-27 16:00:00,1065.21,1039.7
2010-08-30 16:00:00,1064.4,1048.79
2010-08-31 16:00:00,1055.14,1040.88
2010-09-01 16:00:00,1081.3,1049.72
2010-09-02 16:00:00,1090.1,1080.39
2010-09-03 16:00:00,1105.1,1093.61
2010-09-07 16:00:00,1102.6,1091.15
2010-09-08 16:00:00,1103.26,1092.36
2010-09-09 16:00:00,1110.27,1101.15
2010-09-10 16:00:00,1110.88,1103.92
2010-09-13 16:00:00,1123.87,1113.38
2010-09-14 16:00:00,1127.36,1115.58
2010-09-15 16:00:00,1126.46,1114.63
2010-09-16 16:00:00,1125.44,1118.88
2010-09-17 16:00:00,1131.47,1122.43
2010-09-20 16:00:00,1144.86,1126.57
2010-09-21 16:00:00,1148.59,1136.22
2010-09-22 16:00:00,1144.38,1131.58
2010-09-23 16:00:00,1136.77,1122.79
2010-09-24 16:00:00,1148.9,1131.69
2010-09-27 16:00:00,1149.92,1142
2010-09-28 16:00:00,1150,1132.09
2010-09-29 16:00:00,1148.63,1140.26
2010-09-30 16:00:00,1157.16,1136.08
2010-10-01 16:00:00,1150.3,1139.42
2010-10-04 16:00:00,1148.16,1131.87
2010-10-05 16:00:00,1162.76,1140.68
2010-10-06 16:00:00,1162.33,1154.85
2010-10-07 16:00:00,1163.87,1151.41
2010-10-08 16:00:00,1167.73,1155.58
2010-10-11 16:00:00,1168.68,1162.02
2010-10-12 16:00:00,1172.58,1155.71
2010-10-13 16:00:00,1184.38,1171.32
2010-10-14 16:00:00,1178.89,1166.71
2010-10-15 16:00:00,1181.2,1167.12
2010-10-18 16:00:00,1185.53,1174.55
2010-10-19 16:00:00,1178.64,1159.71
2010-10-20 16:00:00,1182.94,1166.74
2010-10-21 16:00:00,1189.43,1171.17
2010-10-22 16:00:00,1183.93,1178.99
2010-10-25 16:00:00,1196.14,1184.74
2010-10-26 16:00:00,1187.11,1177.72
2010-10-27 16:00:00,1183.84,1171.7
2010-10-28 16:00:00,1189.53,1177.1
2010-10-29 16:00:00,1185.46,1179.7
2010-11-01 16:00:00,1195.81,1177.65
2010-11-02 16:00:00,1195.88,1187.86
2010-11-03 16:00:00,1198.3,1183.56
2010-11-04 16:00:00,1221.25,1198.34
2010-11-05 16:00:00,1227.08,1220.29
2010-11-08 16:00:00,1224.57,1217.55
2010-11-09 16:00:00,1226.84,1208.94
2010-11-10 16:00:00,1218.75,1204.33
2010-11-11 16:00:00,1215.45,1204.49
2010-11-12 16:00:00,1210.5,1194.08
2010-11-15 16:00:00,1207.43,1197.15
2010-11-16 16:00:00,1194.79,1173
2010-11-17 16:00:00,1183.56,1175.82
2010-11-18 16:00:00,1200.29,1183.75
2010-11-19 16:00:00,1199.97,1189.44
2010-11-22 16:00:00,1198.94,1184.58
2010-11-23 16:00:00,1192.51,1176.91
2010-11-24 16:00:00,1198.62,1183.7
2010-11-26 16:00:00,1194.16,1186.93
2010-11-29 16:00:00,1190.34,1173.64
2010-11-30 16:00:00,1187.4,1174.14
2010-12-01 16:00:00,1207.61,1186.6
2010-12-02 16:00:00,1221.89,1206.81
2010-12-03 16:00:00,1225.57,1216.82
2010-12-06 16:00:00,1225.8,1220.67
2010-12-07 16:00:00,1235.05,1223.25
2010-12-08 16:00:00,1228.93,1219.5
2010-12-09 16:00:00,1234.71,1226.85
2010-12-10 16:00:00,1240.4,1232.58
2010-12-13 16:00:00,1246.73,1240.34
2010-12-14 16:00:00,1246.59,1238.17
2010-12-15 16:00:00,1244.25,1234.01
2010-12-16 16:00:00,1243.75,1232.85
2010-12-17 16:00:00,1245.81,1239.87
2010-12-20 16:00:00,1250.2,1241.51
2010-12-21 16:00:00,1255.82,1249.43
2010-12-22 16:00:00,1259.39,1254.94
2010-12-23 16:00:00,1258.59,1254.05
2010-12-27 16:00:00,1258.43,1251.48
2010-12-28 16:00:00,1259.9,1256.22
2010-12-29 16:00:00,1262.6,1258.78
2010-12-30 16:00:00,1261.09,1256.32
2010-12-31 16:00:00,1259.34,1254.19
2011-01-03 16:00:00,1276.17,1257.62
2011-01-04 16:00:00,1274.12,1262.66
2011-01-05 16:00:00,1277.63,1265.36
2011-01-06 16:00:00,1278.17,1270.43
2011-01-07 16:00:00,1276.83,1261.7
2011-01-10 16:00:00,1271.52,1262.18
2011-01-11 16:00:00,1277.25,1269.62
2011-01-12 16:00:00,1286.87,1275.65
2011-01-13 16:00:00,1286.7,1280.47
2011-01-14 16:00:00,1293.24,1281.24
2011-01-18 16:00:00,1296.06,1290.16
2011-01-19 16:00:00,1294.6,1278.92
2011-01-20 16:00:00,1283.35,1271.26
2011-01-21 16:00:00,1291.21,1282.07
2011-01-24 16:00:00,1291.93,1282.47
2011-01-25 16:00:00,1291.26,1281.07
2011-01-26 16:00:00,1299.74,1291.97
2011-01-27 16:00:00,1301.29,1294.41
2011-01-28 16:00:00,1302.67,1275.1
2011-01-31 16:00:00,1287.17,1276.5
2011-02-01 16:00:00,1308.86,1289.14
2011-02-02 16:00:00,1307.61,1302.62
2011-02-03 16:00:00,1308.6,1294.83
2011-02-04 16:00:00,1311,1301.67
2011-02-07 16:00:00,1322.85,1311.85
2011-02-08 16:00:00,1324.87,1316.03
2011-02-09 16:00:00,1324.54,1314.89
2011-02-10 16:00:00,1322.78,1311.74
2011-02-11 16:00:00,1330.79,1316.08
2011-02-14 16:00:00,1332.96,1326.9
2011-02-15 16:00:00,1330.43,1324.61
2011-02-16 16:00:00,1337.61,1329.51
2011-02-17 16:00:00,1341.5,1331
2011-02-18 16:00:00,1344.07,1338.12
2011-02-22 16:00:00,1338.91,1312.33
2011-02-23 16:00:00,1317.91,1299.55
2011-02-24 16:00:00,1310.91,1294.26
2011-02-25 16:00:00,1320.61,1307.34
2011-02-28 16:00:00,1329.38,1319.82
2011-03-01 16:00:00,1332.46,1306.14
2011-03-02 16:00:00,1314.19,1302.58
2011-03-03 16:00:00,1332.28,1308.39
2011-03-04 16:00:00,1331.08,1312.59
2011-03-07 16:00:00,1327.68,1303.99
2011-03-08 16:00:00,1325.74,1306.86
2011-03-09 16:00:00,1323.21,1312.27
2011-03-10 16:00:00,1320.02,1294.21
2011-03-11 16:00:00,1308.35,1289.86
2011-03-14 16:00:00,1304.25,1286.37
2011-03-15 16:00:00,1288.46,1261.12
2011-03-16 16:00:00,1281.83,1249.05
2011-03-17 16:00:00,1278.88,1256.84
2011-03-18 16:00:00,1288.88,1276.18
2011-03-21 16:00:00,1300.58,1279.2
2011-03-22 16:00:00,1299.35,1292.7
2011-03-23 16:00:00,1300.51,1284.05
2011-03-24 16:00:00,1311.34,1297.54
2011-03-25 16:00:00,1319.18,1310.15
2011-03-28 16:00:00,1319.74,1310.19
2011-03-29 16:00:00,1319.45,1305.26
2011-03-30 16:00:00,1331.74,1321.89
2011-03-31 16:00:00,1329.77,1325.03
2011-04-01 16:00:00,1337.85,1328.89
2011-04-04 16:00:00,1336.74,1329.1
2011-04-05 16:00:00,1338.21,1330.03
2011-04-06 16:00:00,1339.38,1331.09
2011-04-07 16:00:00,1338.8,1326.56
2011-04-08 16:00:00,1339.46,1322.94
2011-04-11 16:00:00,1333.77,1321.06
2011-04-12 16:00:00,1324.44,1309.51
2011-04-13 16:00:00,1321.35,1309.19
2011-04-14 16:00:00,1316.79,1302.42
2011-04-15 16:00:00,1322.88,1313.68
2011-04-18 16:00:00,1319.66,1294.7
2011-04-19 16:00:00,1312.7,1303.97
2011-04-20 16:00:00,1332.66,1312.59
2011-04-21 16:00:00,1337.49,1330.33
2011-04-25 16:00:00,1337.55,1331.47
2011-04-26 16:00:00,1349.55,1335.25
2011-04-27 16:00:00,1357.49,1344.25
2011-04-28 16:00:00,1361.71,1353.6
2011-04-29 16:00:00,1364.56,1358.69
2011-05-02 16:00:00,1370.58,1358.59
2011-05-03 16:00:00,1361.22,1349.52
2011-05-04 16:00:00,1356.49,1341.5
2011-05-05 16:00:00,1348,1329.17
2011-05-06 16:00:00,1354.36,1334.94
2011-05-09 16:00:00,1349.44,1338.64
2011-05-10 16:00:00,1359.44,1346.27
2011-05-11 16:00:00,1356.43,1336.36
2011-05-12 16:00:00,1351.05,1332.03
2011-05-13 16:00:00,1350.47,1333.36
2011-05-16 16:00:00,1343.33,1327.32
2011-05-17 16:00:00,1330.42,1318.51
2011-05-18 16:00:00,1341.82,1326.59
2011-05-19 16:00:00,1346.82,1336.36
2011-05-20 16:00:00,1343.6,1330.67
2011-05-23 16:00:00,1333.07,1312.88
2011-05-24 16:00:00,1323.72,1313.87
2011-05-25 16:00:00,1325.86,1311.36
2011-05-26 16:00:00,1328.51,1314.41
2011-05-27 16:00:00,1334.62,1325.69
2011-05-31 16:00:00,1345.2,1331.1
2011-06-01 16:00:00,1345.2,1313.71
2011-06-02 16:00:00,1318.03,1305.61
2011-06-03 16:00:00,1312.94,1296.37
2011-06-06 16:00:00,1300.26,1284.72
2011-06-07 16:00:00,1296.22,1284.74
2011-06-08 16:00:00,1287.04,1277.42
2011-06-09 16:00:00,1294.54,1279.63
2011-06-10 16:00:00,1288.6,1268.28
2011-06-13 16:00:00,1277.04,1265.64
2011-06-14 16:00:00,1292.5,1272.22
2011-06-15 16:00:00,1287.87,1261.9
2011-06-16 16:00:00,1274.11,1258.07
2011-06-17 16:00:00,1279.82,1267.4
2011-06-20 16:00:00,1280.42,1267.2
2011-06-21 16:00:00,1297.62,1278.4
2011-06-22 16:00:00,1298.61,1286.79
2011-06-23 16:00:00,1286.6,1262.87
2011-06-24 16:00:00,1283.93,1267.24
2011-06-27 16:00:00,1284.91,1267.53
2011-06-28 16:00:00,1296.8,1280.21
2011-06-29 16:00:00,1309.21,1296.85
2011-06-30 16:00:00,1321.97,1307.64
2011-07-01 16:00:00,1341.01,1318.18
2011-07-05 16:00:00,1340.89,1334.3
2011-07-06 16:00:00,1340.94,1330.92
2011-07-07 16:00:00,1356.48,1339.62
2011-07-08 16:00:00,1352.39,1333.71
2011-07-11 16:00:00,1343.31,1316.42
2011-07-12 16:00:00,1327.17,1313.33
2011-07-13 16:00:00,1331.48,1314.45
2011-07-14 16:00:00,1326.88,1306.51
2011-07-15 16:00:00,1317.7,1307.52
2011-07-18 16:00:00,1315.94,1295.92
2011-07-19 16:00:00,1328.14,1307.07
2011-07-20 16:00:00,1331.22,1323.65
2011-07-21 16:00:00,1347,1325.65
2011-07-22 16:00:00,1346.1,1336.95
2011-07-25 16:00:00,1344.32,1331.09
2011-07-26 16:00:00,1338.51,1329.59
2011-07-27 16:00:00,1331.91,1303.49
2011-07-28 16:00:00,1316.32,1299.16
2011-07-29 16:00:00,1304.16,1282.86
2011-08-01 16:00:00,1308.13,1274.73
2011-08-02 16:00:00,1286.56,1254.03
2011-08-03 16:00:00,1261.2,1234.56
2011-08-04 16:00:00,1260.23,1199.54
2011-08-05 16:00:00,1218.11,1168.09
2011-08-08 16:00:00,1198.48,1119.28
2011-08-09 16:00:00,1172.88,1101.54
2011-08-10 16:00:00,1171.77,1118.01
2011-08-11 16:00:00,1186.29,1121.3
2011-08-12 16:00:00,1189.04,1170.74
2011-08-15 16:00:00,1204.49,1178.86
2011-08-16 16:00:00,1204.22,1180.53
2011-08-17 16:00:00,1208.47,1184.36
2011-08-18 16:00:00,1189.62,1131.03
2011-08-19 16:00:00,1154.54,1122.05
2011-08-22 16:00:00,1148.36,1121.09
2011-08-23 16:00:00,1162.35,1122.91
2011-08-24 16:00:00,1178.56,1156.3
2011-08-25 16:00:00,1190.68,1155.47
2011-08-26 16:00:00,1181.23,1135.91
2011-08-29 16:00:00,1210.28,1177.91
2011-08-30 16:00:00,1220.1,1195.77
2011-08-31 16:00:00,1230.71,1209.35
2011-09-01 16:00:00,1229.29,1203.85
2011-09-02 16:00:00,1203.9,1170.56
2011-09-06 16:00:00,1173.97,1140.13
2011-09-07 16:00:00,1198.62,1165.85
2011-09-08 16:00:00,1204.4,1183.34
2011-09-09 16:00:00,1185.37,1148.37
2011-09-12 16:00:00,1162.52,1136.07
2011-09-13 16:00:00,1176.41,1157.44
2011-09-14 16:00:00,1202.38,1162.73
2011-09-15 16:00:00,1209.11,1189.44
2011-09-16 16:00:00,1220.06,1204.46
2011-09-19 16:00:00,1214.99,1188.36
2011-09-20 16:00:00,1220.39,1201.29
2011-09-21 16:00:00,1206.3,1166.21
2011-09-22 16:00:00,1164.55,1114.22
2011-09-23 16:00:00,1141.72,1121.36
2011-09-26 16:00:00,1164.19,1131.07
2011-09-27 16:00:00,1195.86,1163.32
2011-09-28 16:00:00,1184.71,1150.4
2011-09-29 16:00:00,1175.87,1139.93
2011-09-30 16:00:00,1159.93,1131.34
2011-10-03 16:00:00,1138.99,1098.92
2011-10-04 16:00:00,1125.12,1074.77
2011-10-05 16:00:00,1146.07,1115.68
2011-10-06 16:00:00,1165.55,1134.95
2011-10-07 16:00:00,1171.4,1150.26
2011-10-10 16:00:00,1194.91,1158.15
2011-10-11 16:00:00,1199.24,1187.3
2011-10-12 16:00:00,1220.25,1196.19
2011-10-13 16:00:00,1207.46,1190.58
2011-10-14 16:00:00,1224.61,1205.65
2011-10-17 16:00:00,1224.47,1198.55
2011-10-18 16:00:00,1233.1,1191.48
2011-10-19 16:00:00,1229.64,1206.31
2011-10-20 16:00:00,1219.53,1197.34
2011-10-21 16:00:00,1239.03,1215.39
2011-10-24 16:00:00,1256.55,1238.72
2011-10-25 16:00:00,1253.86,1226.79
2011-10-26 16:00:00,1246.28,1221.06
2011-10-27 16:00:00,1292.66,1243.97
2011-10-28 16:00:00,1287.08,1277.01
2011-10-31 16:00:00,1284.96,1253.16
2011-11-01 16:00:00,1251,1215.42
2011-11-02 16:00:00,1242.48,1219.62
2011-11-03 16:00:00,1263.21,1234.81
2011-11-04 16:00:00,1260.82,1238.92
2011-11-07 16:00:00,1261.7,1240.75
2011-11-08 16:00:00,1277.55,1254.99
2011-11-09 16:00:00,1275.18,1226.64
2011-11-10 16:00:00,1246.22,1227.7
2011-11-11 16:00:00,1266.98,1240.12
2011-11-14 16:00:00,1263.85,1246.68
2011-11-15 16:00:00,1264.25,1244.34
2011-11-16 16:00:00,1259.61,1235.67
2011-11-17 16:00:00,1237.73,1209.43
2011-11-18 16:00:00,1223.51,1211.36
2011-11-21 16:00:00,1215.62,1183.16
2011-11-22 16:00:00,1196.81,1181.65
2011-11-23 16:00:00,1187.48,1161.79
2011-11-25 16:00:00,1172.66,1158.66
2011-11-28 16:00:00,1197.35,1158.67
2011-11-29 16:00:00,1203.67,1191.8
2011-11-30 16:00:00,1247.11,1196.72
2011-12-01 16:00:00,1251.09,1239.73
2011-12-02 16:00:00,1260.08,1243.35
2011-12-05 16:00:00,1266.73,1244.33
2011-12-06 16:00:00,1266.03,1253.03
2011-12-07 16:00:00,1267.06,1244.8
2011-12-08 16:00:00,1260.87,1231.47
2011-12-09 16:00:00,1258.25,1234.48
2011-12-12 16:00:00,1255.05,1227.25
2011-12-13 16:00:00,1249.86,1219.43
2011-12-14 16:00:00,1225.73,1209.47
2011-12-15 16:00:00,1225.6,1212.12
2011-12-16 16:00:00,1231.04,1215.2
2011-12-19 16:00:00,1224.57,1202.37
2011-12-20 16:00:00,1242.82,1205.72
2011-12-21 16:00:00,1245.09,1229.51
2011-12-22 16:00:00,1255.22,1243.72
2011-12-23 16:00:00,1265.42,1254
2011-12-27 16:00:00,1269.37,1262.3
2011-12-28 16:00:00,1265.85,1248.64
2011-12-29 16:00:00,1263.54,1249.75
2011-12-30 16:00:00,1264.12,1257.46
2012-01-03 16:00:00,1284.62,1258.86
2012-01-04 16:00:00,1278.73,1268.1
2012-01-05 16:00:00,1283.05,1265.26
2012-01-06 16:00:00,1281.84,1273.34
2012-01-09 16:00:00,1281.99,1274.55
2012-01-10 16:00:00,1296.46,1280.77
2012-01-11 16:00:00,1293.8,1285.41
2012-01-12 16:00:00,1296.82,1285.77
2012-01-13 16:00:00,1294.82,1277.58
2012-01-17 16:00:00,1303,1290.22
2012-01-18 16:00:00,1308.11,1290.99
2012-01-19 16:00:00,1315.49,1308.07
2012-01-20 16:00:00,1315.38,1309.17
2012-01-23 16:00:00,1322.28,1309.89
2012-01-24 16:00:00,1315.96,1306.06
2012-01-25 16:00:00,1328.3,1307.65
2012-01-26 16:00:00,1333.47,1313.6
2012-01-27 16:00:00,1320.06,1311.72
2012-01-30 16:00:00,1316.16,1300.49
2012-01-31 16:00:00,1321.41,1306.69
2012-02-01 16:00:00,1330.52,1312.45
2012-02-02 16:00:00,1329.19,1321.57
2012-02-03 16:00:00,1345.34,1326.21
2012-02-06 16:00:00,1344.36,1337.52
2012-02-07 16:00:00,1349.24,1335.92
2012-02-08 16:00:00,1351,1341.95
2012-02-09 16:00:00,1354.32,1344.63
2012-02-10 16:00:00,1351.21,1337.35
2012-02-13 16:00:00,1353.35,1343.06
2012-02-14 16:00:00,1351.3,1340.83
2012-02-15 16:00:00,1355.87,1340.8
2012-02-16 16:00:00,1359.02,1341.22
2012-02-17 16:00:00,1363.4,1357.24
2012-02-21 16:00:00,1367.76,1358.11
2012-02-22 16:00:00,1362.7,1355.53
2012-02-23 16:00:00,1364.24,1352.28
2012-02-24 16:00:00,1368.92,1363.46
2012-02-27 16:00:00,1371.94,1354.92
2012-02-28 16:00:00,1373.09,1365.97
2012-02-29 16:00:00,1378.04,1363.81
2012-03-01 16:00:00,1376.17,1365.9
2012-03-02 16:00:00,1374.53,1366.42
2012-03-05 16:00:00,1369.59,1359.13
2012-03-06 16:00:00,1363.63,1340.03
2012-03-07 16:00:00,1354.85,1343.39
2012-03-08 16:00:00,1368.72,1352.65
2012-03-09 16:00:00,1374.76,1365.97
2012-03-12 16:00:00,1373.04,1366.69
2012-03-13 16:00:00,1396.13,1371.92
2012-03-14 16:00:00,1399.42,1389.97
2012-03-15 16:00:00,1402.63,1392.78
2012-03-16 16:00:00,1405.88,1401.47
2012-03-19 16:00:00,1414,1402.43
2012-03-20 16:00:00,1409.59,1397.68
2012-03-21 16:00:00,1407.75,1400.64
2012-03-22 16:00:00,1402.89,1388.73
2012-03-23 16:00:00,1399.18,1386.87
2012-03-26 16:00:00,1416.58,1397.11
2012-03-27 16:00:00,1419.15,1411.95
2012-03-28 16:00:00,1413.65,1397.2
2012-03-29 16:00:00,1405.39,1391.56
2012-03-30 16:00:00,1410.89,1401.42
2012-04-02 16:00:00,1422.38,1404.46
2012-04-03 16:00:00,1419,1404.62
2012-04-04 16:00:00,1413.09,1394.09
2012-04-05 16:00:00,1401.6,1392.92
2012-04-09 16:00:00,1397.45,1378.24
2012-04-10 16:00:00,1383.01,1357.38
2012-04-11 16:00:00,1374.71,1358.98
2012-04-12 16:00:00,1388.13,1368.77
2012-04-13 16:00:00,1387.61,1369.85
2012-04-16 16:00:00,1379.66,1365.38
2012-04-17 16:00:00,1392.76,1369.57
2012-04-18 16:00:00,1390.78,1383.29
2012-04-19 16:00:00,1390.46,1370.3
2012-04-20 16:00:00,1387.4,1376.96
2012-04-23 16:00:00,1378.53,1358.79
2012-04-24 16:00:00,1375.57,1366.82
2012-04-25 16:00:00,1391.37,1372.11
2012-04-26 16:00:00,1402.09,1387.28
2012-04-27 16:00:00,1406.64,1397.31
2012-04-30 16:00:00,1403.26,1394
2012-05-01 16:00:00,1415.32,1395.73
2012-05-02 16:00:00,1405.5,1393.92
2012-05-03 16:00:00,1403.07,1388.71
2012-05-04 16:00:00,1391.51,1367.96
2012-05-07 16:00:00,1373.91,1363.94
2012-05-08 16:00:00,1369.16,1347.75
2012-05-09 16:00:00,1363.73,1343.13
2012-05-10 16:00:00,1365.88,1354.58
2012-05-11 16:00:00,1365.66,1348.89
2012-05-14 16:00:00,1351.93,1336.61
2012-05-15 16:00:00,1344.94,1328.41
2012-05-16 16:00:00,1341.78,1324.79
2012-05-17 16:00:00,1326.36,1304.86
2012-05-18 16:00:00,1312.24,1291.98
2012-05-21 16:00:00,1316.39,1295.73
2012-05-22 16:00:00,1328.49,1310.04
2012-05-23 16:00:00,1320.71,1296.53
2012-05-24 16:00:00,1324.14,1310.5
2012-05-25 16:00:00,1324.2,1314.23
2012-05-29 16:00:00,1334.93,1318.9
2012-05-30 16:00:00,1331.25,1310.76
2012-05-31 16:00:00,1319.74,1298.9
2012-06-01 16:00:00,1310.33,1277.25
2012-06-04 16:00:00,1282.55,1266.74
2012-06-05 16:00:00,1287.62,1274.16
2012-06-06 16:00:00,1315.13,1285.5
2012-06-07 16:00:00,1329.05,1312.68
2012-06-08 16:00:00,1325.81,1307.77
2012-06-11 16:00:00,1335.52,1307.73
2012-06-12 16:00:00,1324.31,1306.62
2012-06-13 16:00:00,1327.28,1310.51
2012-06-14 16:00:00,1333.68,1314.14
2012-06-15 16:00:00,1343.32,1329.1
2012-06-18 16:00:00,1348.22,1334.46
2012-06-19 16:00:00,1363.46,1344.78
2012-06-20 16:00:00,1361.57,1346.45
2012-06-21 16:00:00,1358.27,1324.41
2012-06-22 16:00:00,1337.82,1325.51
2012-06-25 16:00:00,1335.02,1309.27
2012-06-26 16:00:00,1324.24,1310.3
2012-06-27 16:00:00,1334.4,1319.99
2012-06-28 16:00:00,1331.85,1313.29
2012-06-29 16:00:00,1362.17,1329.04
2012-07-02 16:00:00,1366.35,1355.7
2012-07-03 16:00:00,1374.81,1363.53
2012-07-04 16:00:00,1374.02,1374.02
2012-07-05 16:00:00,1374.02,1363.02
2012-07-06 16:00:00,1367.58,1348.03
2012-07-09 16:00:00,1354.87,1346.65
2012-07-10 16:00:00,1361.54,1336.27
2012-07-11 16:00:00,1345,1333.25
2012-07-12 16:00:00,1341.45,1325.41
2012-07-13 16:00:00,1357.7,1334.76
2012-07-16 16:00:00,1357.26,1348.51
2012-07-17 16:00:00,1365.36,1345.07
2012-07-18 16:00:00,1375.26,1358.96
2012-07-19 16:00:00,1380.39,1371.21
2012-07-20 16:00:00,1376.51,1362.19
2012-07-23 16:00:00,1362.66,1337.56
2012-07-24 16:00:00,1351.53,1329.24
2012-07-25 16:00:00,1343.98,1331.5
2012-07-26 16:00:00,1363.13,1337.89
2012-07-27 16:00:00,1389.19,1360.02
2012-07-30 16:00:00,1391.74,1381.37
2012-07-31 16:00:00,1387.16,1379.17
2012-08-01 16:00:00,1385.03,1373.35
2012-08-02 16:00:00,1375.14,1354.65
2012-08-03 16:00:00,1394.16,1365
2012-08-06 16:00:00,1399.63,1390.99
2012-08-07 16:00:00,1407.14,1394.23
2012-08-08 16:00:00,1404.14,1396.13
2012-08-09 16:00:00,1405.95,1398.8
2012-08-10 16:00:00,1405.98,1395.62
2012-08-13 16:00:00,1405.87,1397.32
2012-08-14 16:00:00,1410.03,1400.6
2012-08-15 16:00:00,1407.73,1401.83
2012-08-16 16:00:00,1417.44,1404.15
2012-08-17 16:00:00,1418.71,1414.67
2012-08-20 16:00:00,1418.16,1412.12
2012-08-21 16:00:00,1426.68,1410.86
2012-08-22 16:00:00,1416.12,1406.78
2012-08-23 16:00:00,1413.49,1400.5
2012-08-24 16:00:00,1413.46,1398.04
2012-08-27 16:00:00,1416.17,1409.11
2012-08-28 16:00:00,1413.63,1405.59
2012-08-29 16:00:00,1413.95,1406.57
2012-08-30 16:00:00,1410.49,1397.01
2012-08-31 16:00:00,1413.09,1398.96
2012-09-03 16:00:00,1406.58,1406.58
2012-09-04 16:00:00,1409.31,1396.56
2012-09-05 16:00:00,1408.81,1401.25
2012-09-06 16:00:00,1432.12,1403.44
2012-09-07 16:00:00,1437.92,1431.45
2012-09-10 16:00:00,1438.74,1428.98
2012-09-11 16:00:00,1437.76,1429.08
2012-09-12 16:00:00,1439.15,1432.99
2012-09-13 16:00:00,1463.76,1435.34
2012-09-14 16:00:00,1474.51,1459.99
2012-09-17 16:00:00,1465.77,1457.55
2012-09-18 16:00:00,1461.47,1456.13
2012-09-19 16:00:00,1465.15,1457.88
2012-09-20 16:00:00,1461.23,1449.98
2012-09-21 16:00:00,1467.07,1459.51
2012-09-24 16:00:00,1460.72,1452.06
2012-09-25 16:00:00,1463.24,1441.59
2012-09-26 16:00:00,1441.6,1430.53
2012-09-27 16:00:00,1450.2,1433.32
2012-09-28 16:00:00,1447.15,1435.6
2012-10-01 16:00:00,1457.14,1440.67
2012-10-02 16:00:00,1451.52,1439.01
2012-10-03 16:00:00,1454.3,1441.99
2012-10-04 16:00:00,1463.14,1450.99
2012-10-05 16:00:00,1470.96,1456.89
2012-10-08 16:00:00,1460.93,1453.1
2012-10-09 16:00:00,1455.9,1441.18
2012-10-10 16:00:00,1442.52,1430.64
2012-10-11 16:00:00,1443.9,1432.56
2012-10-12 16:00:00,1438.43,1425.53
2012-10-15 16:00:00,1441.31,1427.24
2012-10-16 16:00:00,1455.51,1440.13
2012-10-17 16:00:00,1462.2,1453.35
2012-10-18 16:00:00,1464.02,1452.63
2012-10-19 16:00:00,1457.34,1429.85
2012-10-22 16:00:00,1435.46,1422.06
2012-10-23 16:00:00,1433.82,1407.56
2012-10-24 16:00:00,1420.04,1407.1
2012-10-25 16:00:00,1421.12,1405.14
2012-10-26 16:00:00,1417.09,1403.28
2012-10-29 16:00:00,1411.94,1411.94
2012-10-30 16:00:00,1411.94,1411.94
2012-10-31 16:00:00,1418.76,1405.95
2012-11-01 16:00:00,1428.35,1412.16
2012-11-02 16:00:00,1434.27,1412.91
2012-11-05 16:00:00,1419.9,1408.13
2012-11-06 16:00:00,1433.38,1417.26
2012-11-07 16:00:00,1428.39,1388.14
2012-11-08 16:00:00,1401.23,1377.51
2012-11-09 16:00:00,1391.39,1373.03
2012-11-12 16:00:00,1384.87,1377.19
2012-11-13 16:00:00,1388.81,1371.39
2012-11-14 16:00:00,1380.13,1352.5
2012-11-15 16:00:00,1360.62,1348.05
2012-11-16 16:00:00,1362.03,1343.35
2012-11-19 16:00:00,1386.89,1359.88
2012-11-20 16:00:00,1388.13,1380.83
2012-11-21 16:00:00,1391.25,1386.39
2012-11-22 16:00:00,1391.03,1391.03
2012-11-23 16:00:00,1409.16,1391.03
2012-11-26 16:00:00,1409.15,1397.68
2012-11-27 16:00:00,1409.01,1398.03
2012-11-28 16:00:00,1410.31,1385.43
2012-11-29 16:00:00,1419.7,1409.04
2012-11-30 16:00:00,1418.86,1411.63
2012-12-03 16:00:00,1423.73,1408.46
2012-12-04 16:00:00,1413.14,1403.65
2012-12-05 16:00:00,1415.56,1398.23
2012-12-06 16:00:00,1413.95,1405.93
2012-12-07 16:00:00,1420.34,1410.9
2012-12-10 16:00:00,1421.64,1415.64
2012-12-11 16:00:00,1434.27,1418.55
2012-12-12 16:00:00,1438.59,1426.76
2012-12-13 16:00:00,1431.36,1416
2012-12-14 16:00:00,1419.45,1411.88
2012-12-17 16:00:00,1430.67,1413.54
2012-12-18 16:00:00,1448,1430.36
2012-12-19 16:00:00,1447.75,1435.8
2012-12-20 16:00:00,1443.7,1432.82
2012-12-21 16:00:00,1443.69,1422.58
2012-12-24 16:00:00,1430.15,1424.66
2012-12-25 16:00:00,1426.66,1426.66
2012-12-26 16:00:00,1429.42,1416.43
2012-12-27 16:00:00,1422.8,1401.8
2012-12-28 16:00:00,1418.1,1401.58
2012-12-31 16:00:00,1426.74,1398.11
2013-01-01 16:00:00,1426.19,1426.19
2013-01-02 16:00:00,1462.43,1426.19
2013-01-03 16:00:00,1465.47,1455.53
2013-01-04 16:00:00,1467.94,1458.99
2013-01-07 16:00:00,1466.47,1456.62
2013-01-08 16:00:00,1461.89,1451.64
2013-01-09 16:00:00,1464.73,1457.15
2013-01-10 16:00:00,1472.3,1461.02
2013-01-11 16:00:00,1472.75,1467.58
2013-01-14 16:00:00,1472.05,1465.69
2013-01-15 16:00:00,1473.31,1463.76
2013-01-16 16:00:00,1473.96,1467.6
2013-01-17 16:00:00,1485.16,1472.63
2013-01-18 16:00:00,1485.98,1475.81
2013-01-21 16:00:00,1485.98,1485.98
2013-01-22 16:00:00,1492.56,1481.16
2013-01-23 16:00:00,1496.13,1489.9
2013-01-24 16:00:00,1502.27,1489.46
2013-01-25 16:00:00,1503.26,1494.82
2013-01-28 16:00:00,1503.23,1496.33
2013-01-29 16:00:00,1509.35,1498.09
2013-01-30 16:00:00,1509.94,1500.11
2013-01-31 16:00:00,1504.19,1496.76
2013-02-01 16:00:00,1514.41,1498.11
2013-02-04 16:00:00,1513.17,1495.02
2013-02-05 16:00:00,1514.96,1495.71
2013-02-06 16:00:00,1512.53,1504.71
2013-02-07 16:00:00,1512.9,1498.49
2013-02-08 16:00:00,1518.31,1509.39
2013-02-11 16:00:00,1518.31,1513.61
2013-02-12 16:00:00,1522.29,1515.61
2013-02-13 16:00:00,1524.69,1515.93
2013-02-14 16:00:00,1523.14,1514.02
2013-02-15 16:00:00,1524.24,1514.14
2013-02-19 16:00:00,1530.94,1519.79
2013-02-20 16:00:00,1530.94,1511.41
2013-02-21 16:00:00,1511.95,1497.29
2013-02-22 16:00:00,1515.64,1502.42
2013-02-25 16:00:00,1525.84,1487.85
2013-02-26 16:00:00,1498.99,1485.01
2013-02-27 16:00:00,1520.08,1494.88
2013-02-28 16:00:00,1525.34,1514.46
2013-03-01 16:00:00,1519.99,1501.48
2013-03-04 16:00:00,1525.27,1512.29
2013-03-05 16:00:00,1543.47,1525.2
2013-03-06 16:00:00,1545.25,1538.11
2013-03-07 16:00:00,1545.78,1541.46
2013-03-08 16:00:00,1552.48,1542.94
2013-03-11 16:00:00,1556.27,1547.36
2013-03-12 16:00:00,1556.77,1548.24
2013-03-13 16:00:00,1556.39,1548.25
2013-03-14 16:00:00,1563.32,1554.52
2013-03-15 16:00:00,1563.62,1555.74
2013-03-18 16:00:00,1560.7,1545.13
2013-03-19 16:00:00,1557.25,1538.57
2013-03-20 16:00:00,1561.56,1548.34
2013-03-21 16:00:00,1558.71,1543.55
2013-03-22 16:00:00,1557.74,1545.9
2013-03-25 16:00:00,1564.91,1546.22
2013-03-26 16:00:00,1563.95,1551.69
2013-03-27 16:00:00,1564.07,1551.9
2013-03-28 16:00:00,1570.28,1561.08
2013-04-01 16:00:00,1570.57,1558.47
2013-04-02 16:00:00,1573.66,1562.17
2013-04-03 16:00:00,1571.47,1549.8
2013-04-04 16:00:00,1562.6,1552.52
2013-04-05 16:00:00,1559.98,1539.5
2013-04-08 16:00:00,1563.07,1548.63
2013-04-09 16:00:00,1573.89,1560.92
2013-04-10 16:00:00,1589.07,1568.61
2013-04-11 16:00:00,1597.35,1586.17
2013-04-12 16:00:00,1593.3,1579.97
2013-04-15 16:00:00,1588.84,1552.28
2013-04-16 16:00:00,1575.35,1552.36
2013-04-17 16:00:00,1574.57,1543.69
2013-04-18 16:00:00,1554.38,1536.03
2013-04-19 16:00:00,1555.89,1539.4
2013-04-22 16:00:00,1565.55,1548.19
2013-04-23 16:00:00,1579.58,1562.5
2013-04-24 16:00:00,1583,1575.8
2013-04-25 16:00:00,1592.64,1578.93
2013-04-26 16:00:00,1585.78,1577.56
2013-04-29 16:00:00,1596.65,1582.34
2013-04-30 16:00:00,1597.57,1586.5
2013-05-01 16:00:00,1597.55,1581.28
2013-05-02 16:00:00,1598.6,1582.77
2013-05-03 16:00:00,1618.46,1597.6
2013-05-06 16:00:00,1619.77,1614.21
2013-05-07 16:00:00,1626.03,1616.64
2013-05-08 16:00:00,1632.78,1622.7
2013-05-09 16:00:00,1635.01,1623.09
2013-05-10 16:00:00,1633.7,1623.71
2013-05-13 16:00:00,1636,1626.74
2013-05-14 16:00:00,1651.1,1633.75
2013-05-15 16:00:00,1661.49,1646.68
2013-05-16 16:00:00,1660.51,1648.6
2013-05-17 16:00:00,1667.38,1652.45
2013-05-20 16:00:00,1672.84,1663.52
2013-05-21 16:00:00,1674.93,1662.67
2013-05-22 16:00:00,1687.18,1648.86
2013-05-23 16:00:00,1655.5,1635.53
2013-05-24 16:00:00,1649.78,1636.88
2013-05-28 16:00:00,1674.21,1652.63
2013-05-29 16:00:00,1656.57,1640.05
2013-05-30 16:00:00,1661.91,1648.61
2013-05-31 16:00:00,1658.99,1630.74
2013-06-03 16:00:00,1640.42,1622.72
2013-06-04 16:00:00,1646.53,1623.62
2013-06-05 16:00:00,1629.31,1607.09
2013-06-06 16:00:00,1622.56,1598.23
2013-06-07 16:00:00,1644.4,1625.27
2013-06-10 16:00:00,1648.69,1639.26
2013-06-11 16:00:00,1640.13,1622.92
2013-06-12 16:00:00,1637.71,1610.92
2013-06-13 16:00:00,1639.25,1608.07
2013-06-14 16:00:00,1640.8,1623.96
2013-06-17 16:00:00,1646.5,1630.34
2013-06-18 16:00:00,1654.19,1639.77
2013-06-19 16:00:00,1652.45,1628.91
2013-06-20 16:00:00,1624.62,1584.32
2013-06-21 16:00:00,1599.19,1577.7
2013-06-24 16:00:00,1588.77,1560.33
2013-06-25 16:00:00,1593.79,1577.09
2013-06-26 16:00:00,1606.83,1592.27
2013-06-27 16:00:00,1620.07,1606.44
2013-06-28 16:00:00,1615.94,1601.06
2013-07-01 16:00:00,1626.61,1609.78
2013-07-02 16:00:00,1624.26,1606.77
2013-07-03 16:00:00,1618.97,1604.57
2013-07-05 16:00:00,1632.07,1614.71
2013-07-08 16:00:00,1644.68,1634.2
2013-07-09 16:00:00,1654.18,1642.89
2013-07-10 16:00:00,1657.92,1647.66
2013-07-11 16:00:00,1676.63,1657.41
2013-07-12 16:00:00,1680.19,1672.33
2013-07-15 16:00:00,1684.51,1677.89
2013-07-16 16:00:00,1683.73,1671.84
2013-07-17 16:00:00,1684.75,1677.91
2013-07-18 16:00:00,1693.12,1681.05
2013-07-19 16:00:00,1692.09,1684.08
2013-07-22 16:00:00,1697.61,1690.67
2013-07-23 16:00:00,1698.78,1691.13
2013-07-24 16:00:00,1698.38,1682.57
2013-07-25 16:00:00,1690.94,1680.07
2013-07-26 16:00:00,1691.85,1676.03
2013-07-29 16:00:00,1690.92,1681.86
2013-07-30 16:00:00,1693.19,1682.42
2013-07-31 16:00:00,1698.43,1684.94
2013-08-01 16:00:00,1707.85,1689.42
2013-08-02 16:00:00,1709.67,1700.68
2013-08-05 16:00:00,1709.24,1703.55
2013-08-06 16:00:00,1705.79,1693.29
2013-08-07 16:00:00,1695.3,1684.91
2013-08-08 16:00:00,1700.18,1688.38
2013-08-09 16:00:00,1699.42,1686.02
2013-08-12 16:00:00,1691.49,1683.35
2013-08-13 16:00:00,1696.81,1682.62
2013-08-14 16:00:00,1695.52,1684.83
2013-08-15 16:00:00,1679.61,1658.59
2013-08-16 16:00:00,1663.6,1652.61
2013-08-19 16:00:00,1659.18,1645.84
2013-08-20 16:00:00,1658.92,1646.08
2013-08-21 16:00:00,1656.99,1639.43
2013-08-22 16:00:00,1659.55,1645.03
2013-08-23 16:00:00,1664.85,1654.81
2013-08-26 16:00:00,1669.51,1656.02
2013-08-27 16:00:00,1652.54,1629.05
2013-08-28 16:00:00,1641.18,1627.47
2013-08-29 16:00:00,1646.41,1630.88
2013-08-30 16:00:00,1640.08,1628.05
2013-09-03 16:00:00,1651.35,1633.41
2013-09-04 16:00:00,1655.72,1637.41
2013-09-05 16:00:00,1659.17,1653.07
2013-09-06 16:00:00,1664.83,1640.62
2013-09-09 16:00:00,1672.4,1656.85
2013-09-10 16:00:00,1684.09,1674.32
2013-09-11 16:00:00,1689.13,1678.7
2013-09-12 16:00:00,1689.97,1681.96
2013-09-13 16:00:00,1688.73,1682.22
2013-09-16 16:00:00,1704.95,1691.7
2013-09-17 16:00:00,1705.52,1697.73
2013-09-18 16:00:00,1729.44,1700.35
2013-09-19 16:00:00,1729.86,1720.2
2013-09-20 16:00:00,1725.23,1708.89
2013-09-23 16:00:00,1711.44,1697.1
2013-09-24 16:00:00,1707.63,1694.9
2013-09-25 16:00:00,1701.71,1691.88
2013-09-26 16:00:00,1703.85,1693.11
2013-09-27 16:00:00,1695.52,1687.11
2013-09-30 16:00:00,1687.26,1674.99
2013-10-01 16:00:00,1696.55,1682.07
2013-10-02 16:00:00,1693.87,1680.34
2013-10-03 16:00:00,1692.35,1670.36
2013-10-04 16:00:00,1691.94,1677.33
2013-10-07 16:00:00,1687.15,1674.7
2013-10-08 16:00:00,1676.79,1655.03
2013-10-09 16:00:00,1662.47,1646.47
2013-10-10 16:00:00,1692.56,1660.88
2013-10-11 16:00:00,1703.44,1688.52
2013-10-14 16:00:00,1711.03,1692.13
2013-10-15 16:00:00,1711.57,1695.93
2013-10-16 16:00:00,1721.76,1700.49
2013-10-17 16:00:00,1733.45,1714.12
2013-10-18 16:00:00,1745.31,1735.74
2013-10-21 16:00:00,1747.79,1740.67
2013-10-22 16:00:00,1759.33,1746.48
2013-10-23 16:00:00,1752.27,1740.5
2013-10-24 16:00:00,1753.94,1745.5
2013-10-25 16:00:00,1759.82,1752.45
2013-10-28 16:00:00,1764.99,1757.67
2013-10-29 16:00:00,1772.09,1762.93
2013-10-30 16:00:00,1775.22,1757.24
2013-10-31 16:00:00,1768.53,1755.72
2013-11-01 16:00:00,1765.67,1752.7
2013-11-04 16:00:00,1768.78,1761.56
2013-11-05 16:00:00,1767.03,1755.76
2013-11-06 16:00:00,1773.74,1764.4
2013-11-07 16:00:00,1774.54,1746.2
2013-11-08 16:00:00,1770.78,1747.63
2013-11-11 16:00:00,1773.44,1767.85
2013-11-12 16:00:00,1771.78,1762.29
2013-11-13 16:00:00,1782,1760.64
2013-11-14 16:00:00,1791.53,1780.22
2013-11-15 16:00:00,1798.22,1790.66
2013-11-18 16:00:00,1802.33,1788
2013-11-19 16:00:00,1795.51,1784.72
2013-11-20 16:00:00,1795.73,1777.23
2013-11-21 16:00:00,1797.16,1783.52
2013-11-22 16:00:00,1804.84,1794.7
2013-11-25 16:00:00,1808.1,1800.58
2013-11-26 16:00:00,1808.42,1800.77
2013-11-27 16:00:00,1808.27,1802.77
2013-11-29 16:00:00,1813.55,1803.98
2013-12-02 16:00:00,1810.02,1798.6
2013-12-03 16:00:00,1800.1,1787.85
2013-12-04 16:00:00,1799.8,1779.09
2013-12-05 16:00:00,1792.82,1783.38
2013-12-06 16:00:00,1806.04,1788.36
2013-12-09 16:00:00,1811.52,1806.21
2013-12-10 16:00:00,1808.52,1801.75
2013-12-11 16:00:00,1802.97,1780.09
2013-12-12 16:00:00,1782.99,1772.28
2013-12-13 16:00:00,1780.92,1772.45
2013-12-16 16:00:00,1792.22,1777.48
2013-12-17 16:00:00,1786.77,1777.05
2013-12-18 16:00:00,1811.08,1767.99
2013-12-19 16:00:00,1810.88,1801.35
2013-12-20 16:00:00,1823.75,1810.25
2013-12-23 16:00:00,1829.75,1822.92
2013-12-24 16:00:00,1833.32,1828.02
2013-12-26 16:00:00,1842.84,1834.96
2013-12-27 16:00:00,1844.89,1839.81
2013-12-30 16:00:00,1842.47,1838.77
2013-12-31 16:00:00,1849.44,1842.41
2014-01-02 16:00:00,1845.86,1827.74
2014-01-03 16:00:00,1838.24,1829.13
2014-01-06 16:00:00,1837.16,1823.73
2014-01-07 16:00:00,1840.1,1828.71
2014-01-08 16:00:00,1840.02,1831.4
2014-01-09 16:00:00,1843.23,1830.38
2014-01-10 16:00:00,1843.15,1832.43
2014-01-13 16:00:00,1843.45,1815.52
2014-01-14 16:00:00,1839.26,1821.36
2014-01-15 16:00:00,1850.84,1840.52
2014-01-16 16:00:00,1847.99,1840.3
2014-01-17 16:00:00,1846.04,1835.23
2014-01-21 16:00:00,1849.31,1832.38
2014-01-22 16:00:00,1846.87,1840.88
2014-01-23 16:00:00,1842.29,1820.06
2014-01-24 16:00:00,1826.96,1790.29
2014-01-27 16:00:00,1795.98,1772.88
2014-01-28 16:00:00,1793.87,1779.49
2014-01-29 16:00:00,1790.15,1770.45
2014-01-30 16:00:00,1798.77,1777.17
2014-01-31 16:00:00,1793.88,1772.26
2014-02-03 16:00:00,1784.83,1739.66
2014-02-04 16:00:00,1758.73,1743.82
2014-02-05 16:00:00,1755.79,1737.92
2014-02-06 16:00:00,1774.06,1752.99
2014-02-07 16:00:00,1798.03,1776.01
2014-02-10 16:00:00,1799.94,1791.83
2014-02-11 16:00:00,1823.54,1800.41
2014-02-12 16:00:00,1826.55,1815.97
2014-02-13 16:00:00,1830.25,1809.22
2014-02-14 16:00:00,1841.65,1825.59
2014-02-18 16:00:00,1842.87,1835.01
2014-02-20 16:00:00,1842.79,1824.58
2014-02-21 16:00:00,1846.13,1835.6
2014-02-24 16:00:00,1858.71,1836.78
2014-02-25 16:00:00,1852.91,1840.19
2014-02-26 16:00:00,1852.65,1840.66
2014-02-27 16:00:00,1854.53,1841.13
2014-02-28 16:00:00,1867.92,1847.67
2014-03-03 16:00:00,1857.68,1834.44
2014-03-04 16:00:00,1876.23,1849.23
2014-03-05 16:00:00,1876.53,1871.11
2014-03-06 16:00:00,1881.94,1874.18
2014-03-07 16:00:00,1883.57,1870.56
2014-03-10 16:00:00,1877.87,1867.04
2014-03-11 16:00:00,1882.35,1863.88
2014-03-12 16:00:00,1868.38,1854.38
2014-03-13 16:00:00,1874.4,1841.86
2014-03-14 16:00:00,1852.44,1839.57
2014-03-17 16:00:00,1862.3,1842.81
2014-03-18 16:00:00,1873.76,1858.92
2014-03-19 16:00:00,1874.14,1850.35
2014-03-20 16:00:00,1873.49,1854.63
2014-03-21 16:00:00,1883.97,1863.46
2014-03-24 16:00:00,1873.34,1849.69
2014-03-25 16:00:00,1871.87,1855.96
2014-03-26 16:00:00,1875.92,1852.56
2014-03-27 16:00:00,1855.55,1842.11
2014-03-28 16:00:00,1866.63,1850.07
2014-03-31 16:00:00,1875.18,1859.16
2014-04-01 16:00:00,1885.84,1873.96
2014-04-02 16:00:00,1893.17,1883.79
2014-04-03 16:00:00,1893.8,1882.65
2014-04-04 16:00:00,1897.28,1863.26
2014-04-07 16:00:00,1864.04,1841.48
2014-04-08 16:00:00,1854.95,1837.49
2014-04-09 16:00:00,1872.43,1852.38
2014-04-10 16:00:00,1872.53,1830.87
2014-04-11 16:00:00,1835.07,1814.36
2014-04-14 16:00:00,1834.19,1815.8
2014-04-15 16:00:00,1844.02,1816.29
2014-04-16 16:00:00,1862.31,1846.01
2014-04-17 16:00:00,1869.63,1856.72
2014-04-21 16:00:00,1871.89,1863.18
2014-04-22 16:00:00,1884.89,1872.57
2014-04-23 16:00:00,1879.75,1873.91
2014-04-24 16:00:00,1884.06,1870.24
2014-04-25 16:00:00,1877.72,1859.7
2014-04-28 16:00:00,1877.01,1850.61
2014-04-29 16:00:00,1880.6,1870.78
2014-04-30 16:00:00,1885.2,1872.69
2014-05-01 16:00:00,1888.59,1878.04
2014-05-02 16:00:00,1891.33,1878.5
2014-05-05 16:00:00,1885.51,1866.77
2014-05-06 16:00:00,1883.69,1867.72
2014-05-07 16:00:00,1878.83,1859.79
2014-05-08 16:00:00,1889.07,1870.05
2014-05-09 16:00:00,1878.57,1867.02
2014-05-12 16:00:00,1897.13,1880.03
2014-05-13 16:00:00,1902.17,1896.06
2014-05-14 16:00:00,1897.13,1885.77
2014-05-15 16:00:00,1888.16,1862.36
2014-05-16 16:00:00,1878.28,1864.82
2014-05-19 16:00:00,1886,1872.42
2014-05-20 16:00:00,1884.88,1868.14
2014-05-21 16:00:00,1888.8,1873.34
2014-05-22 16:00:00,1896.33,1885.39
2014-05-23 16:00:00,1901.26,1893.32
2014-05-27 16:00:00,1912.28,1902.01
2014-05-28 16:00:00,1914.46,1907.3
2014-05-29 16:00:00,1920.03,1909.82
2014-05-30 16:00:00,1924.03,1916.64
2014-06-02 16:00:00,1925.88,1915.98
2014-06-03 16:00:00,1925.07,1918.79
2014-06-04 16:00:00,1928.63,1918.6
2014-06-05 16:00:00,1941.74,1922.93
2014-06-06 16:00:00,1949.44,1942.41
2014-06-09 16:00:00,1955.55,1947.16
2014-06-10 16:00:00,1950.86,1944.64
2014-06-11 16:00:00,1949.37,1940.08
2014-06-12 16:00:00,1943.35,1925.78
2014-06-13 16:00:00,1937.3,1927.69
2014-06-16 16:00:00,1941.15,1930.91
2014-06-17 16:00:00,1943.69,1933.55
2014-06-18 16:00:00,1957.74,1939.29
2014-06-19 16:00:00,1959.87,1952.26
2014-06-20 16:00:00,1963.91,1959.17
2014-06-23 16:00:00,1963.74,1958.89
2014-06-24 16:00:00,1968.17,1948.34
2014-06-25 16:00:00,1960.83,1947.49
2014-06-26 16:00:00,1959.89,1944.69
2014-06-27 16:00:00,1961.47,1952.18
2014-06-30 16:00:00,1964.24,1958.22
2014-07-01 16:00:00,1978.58,1962.29
2014-07-02 16:00:00,1976.67,1972.58
2014-07-03 16:00:00,1985.59,1975.88
2014-07-07 16:00:00,1984.22,1974.88
2014-07-08 16:00:00,1976.39,1959.46
2014-07-09 16:00:00,1974.15,1965.1
2014-07-10 16:00:00,1969.84,1952.86
2014-07-11 16:00:00,1968.67,1959.63
2014-07-14 16:00:00,1979.85,1969.86
2014-07-15 16:00:00,1982.52,1965.34
2014-07-16 16:00:00,1983.94,1975.67
2014-07-17 16:00:00,1981.8,1955.59
2014-07-18 16:00:00,1979.91,1960.82
2014-07-21 16:00:00,1976.93,1965.77
2014-07-22 16:00:00,1986.24,1975.65
2014-07-23 16:00:00,1989.23,1982.44
2014-07-24 16:00:00,1991.39,1985.79
2014-07-25 16:00:00,1984.6,1974.37
2014-07-28 16:00:00,1981.52,1967.31
2014-07-29 16:00:00,1984.85,1969.95
2014-07-30 16:00:00,1978.9,1962.42
2014-07-31 16:00:00,1965.14,1930.67
2014-08-01 16:00:00,1937.35,1916.37
2014-08-04 16:00:00,1942.92,1921.2
2014-08-05 16:00:00,1936.34,1913.77
2014-08-06 16:00:00,1927.91,1911.45
2014-08-07 16:00:00,1928.89,1904.78
2014-08-08 16:00:00,1932.38,1909.01
2014-08-11 16:00:00,1944.9,1933.43
2014-08-12 16:00:00,1939.65,1928.29
2014-08-13 16:00:00,1948.41,1935.6
2014-08-14 16:00:00,1955.23,1947.41
2014-08-15 16:00:00,1964.04,1941.5
2014-08-18 16:00:00,1971.99,1958.36
2014-08-19 16:00:00,1982.57,1972.73
2014-08-20 16:00:00,1988.57,1977.68
2014-08-21 16:00:00,1994.76,1986.82
2014-08-22 16:00:00,1993.54,1984.76
2014-08-25 16:00:00,2001.95,1991.74
2014-08-26 16:00:00,2005.04,1998.59
2014-08-27 16:00:00,2002.14,1996.2
2014-08-28 16:00:00,1998.55,1990.52
2014-08-29 16:00:00,2003.38,1994.65
2014-09-02 16:00:00,2006.12,1994.85
2014-09-03 16:00:00,2009.28,1998.14
2014-09-04 16:00:00,2011.17,1992.54
2014-09-05 16:00:00,2007.71,1990.1
2014-09-08 16:00:00,2007.17,1995.6
2014-09-09 16:00:00,2001.01,1984.61
2014-09-10 16:00:00,1996.66,1982.99
2014-09-11 16:00:00,1997.65,1985.93
2014-09-12 16:00:00,1996.74,1980.26
2014-09-15 16:00:00,1987.18,1978.48
2014-09-16 16:00:00,2002.28,1979.06
2014-09-17 16:00:00,2010.74,1993.29
2014-09-18 16:00:00,2012.34,2003.07
2014-09-19 16:00:00,2019.26,2006.59
2014-09-22 16:00:00,2009.08,1991.01
2014-09-23 16:00:00,1995.41,1982.77
2014-09-24 16:00:00,1999.79,1978.63
2014-09-25 16:00:00,1997.32,1965.99
2014-09-26 16:00:00,1986.37,1966.22
2014-09-29 16:00:00,1981.28,1964.04
2014-09-30 16:00:00,1985.17,1968.96
2014-10-01 16:00:00,1971.44,1941.72
2014-10-02 16:00:00,1952.32,1926.03
2014-10-03 16:00:00,1971.19,1948.12
2014-10-06 16:00:00,1977.84,1958.43
2014-10-07 16:00:00,1962.36,1934.87
2014-10-08 16:00:00,1970.36,1925.25
2014-10-09 16:00:00,1967.68,1927.56
2014-10-10 16:00:00,1936.98,1906.05
2014-10-13 16:00:00,1912.09,1874.14
2014-10-14 16:00:00,1898.71,1871.79
2014-10-15 16:00:00,1874.18,1820.66
2014-10-16 16:00:00,1876.01,1835.02
2014-10-17 16:00:00,1898.16,1864.91
2014-10-20 16:00:00,1905.03,1882.3
2014-10-21 16:00:00,1942.45,1909.38
2014-10-22 16:00:00,1949.31,1926.83
2014-10-23 16:00:00,1961.95,1931.02
2014-10-24 16:00:00,1965.27,1946.27
2014-10-27 16:00:00,1964.64,1951.37
2014-10-28 16:00:00,1985.05,1964.14
2014-10-29 16:00:00,1991.4,1969.04
2014-10-30 16:00:00,1999.4,1974.75
2014-10-31 16:00:00,2018.19,2001.2
2014-11-03 16:00:00,2024.46,2013.68
2014-11-04 16:00:00,2015.98,2001.01
2014-11-05 16:00:00,2023.77,2014.42
2014-11-06 16:00:00,2031.61,2015.86
2014-11-07 16:00:00,2034.26,2025.07
2014-11-10 16:00:00,2038.7,2030.17
2014-11-11 16:00:00,2041.28,2035.28
2014-11-12 16:00:00,2040.33,2031.95
2014-11-13 16:00:00,2046.18,2030.44
2014-11-14 16:00:00,2042.22,2035.2
2014-11-17 16:00:00,2043.07,2034.46
2014-11-18 16:00:00,2056.08,2041.48
2014-11-19 16:00:00,2052.14,2040.37
2014-11-20 16:00:00,2053.84,2040.49
2014-11-21 16:00:00,2071.46,2056.75
2014-11-24 16:00:00,2070.17,2065.07
2014-11-25 16:00:00,2074.21,2064.75
2014-11-26 16:00:00,2073.29,2066.62
2014-11-28 16:00:00,2075.76,2065.06
2014-12-01 16:00:00,2065.78,2049.57
2014-12-02 16:00:00,2068.77,2053.77
2014-12-03 16:00:00,2076.28,2066.65
2014-12-04 16:00:00,2077.34,2062.34
2014-12-05 16:00:00,2079.47,2070.81
2014-12-08 16:00:00,2075.78,2054.27
2014-12-09 16:00:00,2060.6,2034.17
2014-12-10 16:00:00,2058.86,2024.26
2014-12-11 16:00:00,2055.53,2027.92
2014-12-12 16:00:00,2032.25,2002.33
2014-12-15 16:00:00,2018.69,1982.26
2014-12-16 16:00:00,2016.89,1972.56
2014-12-17 16:00:00,2016.75,1973.77
2014-12-18 16:00:00,2061.23,2018.98
2014-12-19 16:00:00,2077.85,2061.03
2014-12-22 16:00:00,2078.76,2069.28
2014-12-23 16:00:00,2086.73,2079.77
2014-12-24 16:00:00,2087.56,2081.86
2014-12-26 16:00:00,2092.7,2084.3
2014-12-29 16:00:00,2093.55,2085.75
2014-12-30 16:00:00,2088.49,2079.53
2014-12-31 16:00:00,2085.58,2057.94
2015-01-02 16:00:00,2072.36,2046.04
2015-01-05 16:00:00,2054.44,2017.34
2015-01-06 16:00:00,2030.25,1992.44
2015-01-07 16:00:00,2029.61,2005.55
2015-01-08 16:00:00,2064.08,2030.61
2015-01-09 16:00:00,2064.43,2038.33
2015-01-12 16:00:00,2049.3,2022.58
2015-01-13 16:00:00,2056.93,2008.25
2015-01-14 16:00:00,2018.4,1988.44
2015-01-15 16:00:00,2021.35,1991.47
2015-01-16 16:00:00,2020.46,1988.12
2015-01-20 16:00:00,2028.94,2004.49
2015-01-21 16:00:00,2038.29,2012.04
2015-01-22 16:00:00,2064.62,2026.38
2015-01-23 16:00:00,2062.98,2050.54
2015-01-26 16:00:00,2057.62,2040.97
2015-01-27 16:00:00,2047.86,2019.91
2015-01-28 16:00:00,2042.49,2001.49
2015-01-29 16:00:00,2024.64,1989.18
2015-01-30 16:00:00,2023.32,1993.38
2015-02-02 16:00:00,2021.66,1980.9
2015-02-03 16:00:00,2050.3,2022.71
2015-02-04 16:00:00,2054.74,2036.72
2015-02-05 16:00:00,2063.55,2043.45
2015-02-06 16:00:00,2072.4,2049.97
2015-02-09 16:00:00,2056.16,2041.88
2015-02-10 16:00:00,2070.86,2048.62
2015-02-11 16:00:00,2073.48,2057.99
2015-02-12 16:00:00,2088.53,2069.98
2015-02-13 16:00:00,2097.03,2086.7
2015-02-17 16:00:00,2101.3,2089.8
2015-02-18 16:00:00,2100.23,2092.15
2015-02-19 16:00:00,2102.13,2090.79
2015-02-20 16:00:00,2110.61,2085.44
2015-02-23 16:00:00,2110.05,2103
2015-02-24 16:00:00,2117.94,2105.87
2015-02-25 16:00:00,2119.59,2109.89
2015-02-26 16:00:00,2113.91,2103.76
2015-02-27 16:00:00,2112.74,2103.75
2015-03-02 16:00:00,2117.52,2104.5
2015-03-03 16:00:00,2115.76,2098.26
2015-03-04 16:00:00,2107.72,2087.62
2015-03-05 16:00:00,2104.25,2095.22
2015-03-06 16:00:00,2100.91,2067.27
2015-03-09 16:00:00,2083.49,2072.21
2015-03-10 16:00:00,2076.14,2044.16
2015-03-11 16:00:00,2050.08,2039.69
2015-03-12 16:00:00,2066.41,2041.1
2015-03-13 16:00:00,2064.56,2041.17
2015-03-16 16:00:00,2081.41,2055.35
2015-03-17 16:00:00,2080.59,2065.08
2015-03-18 16:00:00,2106.85,2061.23
2015-03-19 16:00:00,2098.69,2085.56
2015-03-20 16:00:00,2113.92,2090.32
2015-03-23 16:00:00,2114.86,2104.42
2015-03-24 16:00:00,2107.63,2091.5
2015-03-25 16:00:00,2097.43,2061.05
2015-03-26 16:00:00,2067.15,2045.5
2015-03-27 16:00:00,2062.83,2052.96
2015-03-30 16:00:00,2088.97,2064.11
2015-03-31 16:00:00,2084.05,2067.04
2015-04-01 16:00:00,2067.63,2048.38
2015-04-02 16:00:00,2072.17,2057.32
2015-04-06 16:00:00,2086.99,2056.52
2015-04-07 16:00:00,2089.81,2076.1
2015-04-08 16:00:00,2086.69,2073.3
2015-04-09 16:00:00,2093.31,2074.29
2015-04-10 16:00:00,2102.61,2091.51
2015-04-13 16:00:00,2107.65,2092.33
2015-04-14 16:00:00,2098.62,2083.24
2015-04-15 16:00:00,2111.91,2097.82
2015-04-16 16:00:00,2111.3,2100.02
2015-04-17 16:00:00,2102.58,2072.37
2015-04-20 16:00:00,2103.94,2084.11
2015-04-21 16:00:00,2109.64,2094.38
2015-04-22 16:00:00,2109.98,2091.05
2015-04-23 16:00:00,2120.49,2103.19
2015-04-24 16:00:00,2120.92,2112.8
2015-04-27 16:00:00,2125.92,2107.04
2015-04-28 16:00:00,2116.09,2094.89
2015-04-29 16:00:00,2113.65,2097.41
2015-04-30 16:00:00,2105.52,2077.59
2015-05-01 16:00:00,2108.41,2087.38
2015-05-04 16:00:00,2120.95,2110.23
2015-05-05 16:00:00,2115.24,2088.46
2015-05-06 16:00:00,2098.42,2067.93
2015-05-07 16:00:00,2092.9,2074.99
2015-05-08 16:00:00,2117.66,2092.13
2015-05-11 16:00:00,2117.69,2104.58
2015-05-12 16:00:00,2105.06,2085.57
2015-05-13 16:00:00,2110.19,2096.04
2015-05-14 16:00:00,2121.45,2100.43
2015-05-15 16:00:00,2123.89,2116.79
2015-05-18 16:00:00,2131.78,2120.01
2015-05-19 16:00:00,2133.02,2124.5
2015-05-20 16:00:00,2134.72,2122.59
2015-05-21 16:00:00,2134.28,2122.95
2015-05-22 16:00:00,2132.15,2126.06
2015-05-26 16:00:00,2125.34,2099.18
2015-05-27 16:00:00,2126.22,2105.13
2015-05-28 16:00:00,2122.27,2112.86
2015-05-29 16:00:00,2120.66,2104.89
2015-06-01 16:00:00,2119.15,2102.54
2015-06-02 16:00:00,2117.59,2099.14
2015-06-03 16:00:00,2121.92,2109.61
2015-06-04 16:00:00,2112.89,2093.23
2015-06-05 16:00:00,2100.99,2085.67
2015-06-08 16:00:00,2093.01,2079.11
2015-06-09 16:00:00,2085.62,2072.14
2015-06-10 16:00:00,2108.5,2081.12
2015-06-11 16:00:00,2115.02,2106.24
2015-06-12 16:00:00,2107.43,2091.33
2015-06-15 16:00:00,2091.34,2072.49
2015-06-16 16:00:00,2097.4,2082.1
2015-06-17 16:00:00,2106.79,2088.86
2015-06-18 16:00:00,2126.65,2101.58
2015-06-19 16:00:00,2121.64,2109.38
2015-06-22 16:00:00,2129.87,2112.5
2015-06-23 16:00:00,2128.03,2119.89
2015-06-24 16:00:00,2125.1,2108.58
2015-06-25 16:00:00,2116.04,2101.78
2015-06-26 16:00:00,2108.92,2095.38
2015-06-29 16:00:00,2098.63,2056.64
2015-06-30 16:00:00,2074.28,2056.32
2015-07-01 16:00:00,2082.78,2067
2015-07-02 16:00:00,2085.06,2071.02
2015-07-06 16:00:00,2078.61,2058.4
2015-07-07 16:00:00,2083.74,2044.02
2015-07-08 16:00:00,2077.66,2044.66
2015-07-09 16:00:00,2074.28,2049.73
2015-07-10 16:00:00,2081.31,2052.74
2015-07-13 16:00:00,2100.67,2080.03
2015-07-14 16:00:00,2111.98,2098.18
2015-07-15 16:00:00,2114.14,2102.49
2015-07-16 16:00:00,2124.42,2110.55
2015-07-17 16:00:00,2128.91,2119.88
2015-07-20 16:00:00,2132.82,2123.65
2015-07-21 16:00:00,2128.49,2115.4
2015-07-22 16:00:00,2118.51,2110
2015-07-23 16:00:00,2116.87,2098.63
2015-07-24 16:00:00,2106.01,2077.09
2015-07-27 16:00:00,2078.19,2063.52
2015-07-28 16:00:00,2095.6,2069.09
2015-07-29 16:00:00,2110.6,2094.08
2015-07-30 16:00:00,2110.48,2094.97
2015-07-31 16:00:00,2114.24,2102.07
2015-08-03 16:00:00,2105.7,2087.31
2015-08-04 16:00:00,2102.51,2088.6
2015-08-05 16:00:00,2112.66,2095.27
2015-08-06 16:00:00,2103.32,2075.53
2015-08-07 16:00:00,2082.61,2067.91
2015-08-10 16:00:00,2105.35,2080.98
2015-08-11 16:00:00,2102.66,2076.49
2015-08-12 16:00:00,2089.06,2052.09
2015-08-13 16:00:00,2092.93,2078.26
2015-08-14 16:00:00,2092.45,2080.61
2015-08-17 16:00:00,2102.87,2079.3
2015-08-18 16:00:00,2103.47,2094.14
2015-08-19 16:00:00,2096.17,2070.53
2015-08-20 16:00:00,2076.61,2035.73
2015-08-21 16:00:00,2034.08,1970.89
2015-08-24 16:00:00,1965.15,1867.01
2015-08-25 16:00:00,1948.04,1867.08
2015-08-26 16:00:00,1943.09,1872.75
2015-08-27 16:00:00,1989.6,1942.77
2015-08-28 16:00:00,1993.48,1975.19
2015-08-31 16:00:00,1986.73,1965.98
2015-09-01 16:00:00,1970.09,1903.07
2015-09-02 16:00:00,1948.91,1916.52
2015-09-03 16:00:00,1975.01,1944.72
2015-09-04 16:00:00,1947.76,1911.21
2015-09-08 16:00:00,1970.42,1927.3
2015-09-09 16:00:00,1988.63,1937.88
2015-09-10 16:00:00,1965.29,1937.19
2015-09-11 16:00:00,1961.05,1939.19
2015-09-14 16:00:00,1963.06,1948.27
2015-09-15 16:00:00,1983.19,1954.3
2015-09-16 16:00:00,1997.26,1977.93
2015-09-17 16:00:00,2020.86,1986.73
2015-09-18 16:00:00,1989.66,1953.45
2015-09-21 16:00:00,1979.64,1955.8
2015-09-22 16:00:00,1961.39,1929.22
2015-09-23 16:00:00,1949.52,1932.57
2015-09-24 16:00:00,1937.17,1908.92
2015-09-25 16:00:00,1952.89,1921.5
2015-09-28 16:00:00,1929.18,1879.21
2015-09-29 16:00:00,1899.48,1871.91
2015-09-30 16:00:00,1920.53,1887.14
2015-10-01 16:00:00,1927.21,1900.7
2015-10-02 16:00:00,1951.36,1893.7
2015-10-05 16:00:00,1989.17,1954.33
2015-10-06 16:00:00,1991.62,1971.99
2015-10-07 16:00:00,1999.31,1976.44
2015-10-08 16:00:00,2016.5,1987.53
2015-10-09 16:00:00,2020.13,2007.61
2015-10-12 16:00:00,2018.66,2010.55
2015-10-13 16:00:00,2022.34,2001.78
2015-10-14 16:00:00,2009.56,1990.73
2015-10-15 16:00:00,2024.15,1996.47
2015-10-16 16:00:00,2033.54,2020.46
2015-10-19 16:00:00,2034.45,2022.31
2015-10-20 16:00:00,2039.12,2026.61
2015-10-21 16:00:00,2037.97,2017.22
2015-10-22 16:00:00,2055.2,2021.88
2015-10-23 16:00:00,2079.74,2058.19
2015-10-26 16:00:00,2075.14,2066.53
2015-10-27 16:00:00,2070.37,2058.84
2015-10-28 16:00:00,2090.35,2063.11
2015-10-29 16:00:00,2092.52,2082.63
2015-10-30 16:00:00,2094.32,2079.34
2015-11-02 16:00:00,2106.2,2080.76
2015-11-03 16:00:00,2116.48,2097.51
2015-11-04 16:00:00,2114.59,2096.98
2015-11-05 16:00:00,2108.78,2090.41
2015-11-06 16:00:00,2101.91,2083.74
2015-11-09 16:00:00,2096.56,2068.24
2015-11-10 16:00:00,2083.67,2069.91
2015-11-11 16:00:00,2086.94,2074.85
2015-11-12 16:00:00,2072.29,2045.66
2015-11-13 16:00:00,2044.64,2022.02
2015-11-16 16:00:00,2053.22,2019.39
2015-11-17 16:00:00,2066.69,2045.9
2015-11-18 16:00:00,2085.31,2051.99
2015-11-19 16:00:00,2086.74,2078.76
2015-11-20 16:00:00,2097.06,2082.82
2015-11-23 16:00:00,2095.61,2081.39
2015-11-24 16:00:00,2094.12,2070.29
2015-11-25 16:00:00,2093,2086.3
2015-11-27 16:00:00,2093.29,2084.13
2015-11-30 16:00:00,2093.81,2080.41
2015-12-01 16:00:00,2103.37,2082.93
2015-12-02 16:00:00,2104.27,2077.11
2015-12-03 16:00:00,2085,2042.35
2015-12-04 16:00:00,2093.84,2051.24
2015-12-07 16:00:00,2090.42,2066.78
2015-12-08 16:00:00,2073.85,2052.32
2015-12-09 16:00:00,2080.33,2036.53
2015-12-10 16:00:00,2067.65,2045.67
2015-12-11 16:00:00,2047.27,2008.8
2015-12-14 16:00:00,2022.92,1993.26
2015-12-15 16:00:00,2053.87,2025.55
2015-12-16 16:00:00,2076.72,2042.43
2015-12-17 16:00:00,2076.37,2041.66
2015-12-18 16:00:00,2040.81,2005.33
2015-12-21 16:00:00,2022.9,2005.93
2015-12-22 16:00:00,2042.74,2020.49
2015-12-23 16:00:00,2064.73,2042.2
2015-12-24 16:00:00,2067.36,2058.73
2015-12-28 16:00:00,2057.77,2044.2
2015-12-29 16:00:00,2081.56,2060.54
2015-12-30 16:00:00,2077.34,2061.97
2015-12-31 16:00:00,2062.54,2043.62
2016-01-04 16:00:00,2038.2,1989.68
2016-01-05 16:00:00,2021.94,2004.17
2016-01-06 16:00:00,2011.71,1979.05
2016-01-07 16:00:00,1985.32,1938.83
2016-01-08 16:00:00,1960.4,1918.46
2016-01-11 16:00:00,1935.65,1901.1
2016-01-12 16:00:00,1947.38,1914.35
2016-01-13 16:00:00,1950.33,1886.41
2016-01-14 16:00:00,1934.47,1878.93
2016-01-15 16:00:00,1916.68,1857.83
2016-01-19 16:00:00,1901.44,1864.6
2016-01-20 16:00:00,1876.18,1812.29
2016-01-21 16:00:00,1889.85,1848.98
2016-01-22 16:00:00,1908.85,1877.4
2016-01-25 16:00:00,1906.28,1875.97
2016-01-26 16:00:00,1906.73,1878.79
2016-01-27 16:00:00,1916.99,1872.7
2016-01-28 16:00:00,1902.96,1873.65
2016-01-29 16:00:00,1940.24,1894
2016-02-01 16:00:00,1947.2,1920.3
2016-02-02 16:00:00,1935.26,1897.29
2016-02-03 16:00:00,1918.01,1872.23
2016-02-04 16:00:00,1927.35,1900.52
2016-02-05 16:00:00,1913.07,1872.65
2016-02-08 16:00:00,1873.25,1828.46
2016-02-09 16:00:00,1868.25,1834.94
2016-02-10 16:00:00,1881.6,1850.32
2016-02-11 16:00:00,1847,1810.1
2016-02-12 16:00:00,1864.78,1833.4
2016-02-16 16:00:00,1895.77,1871.44
2016-02-17 16:00:00,1930.68,1898.8
2016-02-18 16:00:00,1930,1915.09
2016-02-19 16:00:00,1918.78,1902.17
2016-02-22 16:00:00,1946.7,1924.44
2016-02-23 16:00:00,1942.38,1919.44
2016-02-24 16:00:00,1932.08,1891
2016-02-25 16:00:00,1951.83,1925.41
2016-02-26 16:00:00,1962.96,1945.78
2016-02-29 16:00:00,1958.27,1931.81
2016-03-01 16:00:00,1978.35,1937.09
2016-03-02 16:00:00,1986.51,1968.8
2016-03-03 16:00:00,1993.69,1977.37
2016-03-04 16:00:00,2009.13,1986.77
2016-03-07 16:00:00,2006.12,1989.38
2016-03-08 16:00:00,1996.88,1977.43
2016-03-09 16:00:00,1992.69,1979.84
2016-03-10 16:00:00,2005.08,1969.25
2016-03-11 16:00:00,2022.37,1994.71
2016-03-14 16:00:00,2024.57,2012.05
2016-03-15 16:00:00,2015.94,2005.23
2016-03-16 16:00:00,2032.02,2010.04
2016-03-17 16:00:00,2046.24,2022.16
2016-03-18 16:00:00,2052.36,2041.16
2016-03-21 16:00:00,2053.91,2043.14
2016-03-22 16:00:00,2056.6,2040.57
2016-03-23 16:00:00,2048.55,2034.86
2016-03-24 16:00:00,2036.04,2022.49
2016-03-28 16:00:00,2042.67,2031.96
2016-03-29 16:00:00,2055.91,2028.31
2016-03-30 16:00:00,2072.21,2058.27
2016-03-31 16:00:00,2067.92,2057.46
2016-04-01 16:00:00,2075.07,2043.98
2016-04-04 16:00:00,2074.02,2062.57
2016-04-05 16:00:00,2062.5,2042.56
2016-04-06 16:00:00,2067.33,2043.09
2016-04-07 16:00:00,2063.01,2033.8
2016-04-08 16:00:00,2060.63,2041.69
2016-04-11 16:00:00,2062.93,2041.88
2016-04-12 16:00:00,2065.05,2039.74
2016-04-13 16:00:00,2083.18,2065.92
2016-04-14 16:00:00,2087.84,2078.13
2016-04-15 16:00:00,2083.22,2076.31
2016-04-18 16:00:00,2094.66,2073.65
2016-04-19 16:00:00,2104.05,2091.68
2016-04-20 16:00:00,2111.05,2096.32
2016-04-21 16:00:00,2103.78,2088.52
2016-04-22 16:00:00,2094.32,2081.2
2016-04-25 16:00:00,2089.37,2077.52
2016-04-26 16:00:00,2096.87,2085.8
2016-04-27 16:00:00,2099.89,2082.31
2016-04-28 16:00:00,2099.3,2071.62
2016-04-29 16:00:00,2073.85,2052.28
2016-05-02 16:00:00,2083.42,2066.11
2016-05-03 16:00:00,2077.18,2054.89
2016-05-04 16:00:00,2060.3,2045.55
2016-05-05 16:00:00,2060.23,2045.77
2016-05-06 16:00:00,2057.72,2039.45
2016-05-09 16:00:00,2064.15,2054.31
2016-05-10 16:00:00,2084.87,2062.63
2016-05-11 16:00:00,2083.29,2064.46
2016-05-12 16:00:00,2073.99,2053.13
2016-05-13 16:00:00,2066.79,2043.13
2016-05-16 16:00:00,2071.88,2046.53
2016-05-17 16:00:00,2065.69,2040.82
2016-05-18 16:00:00,2060.61,2034.49
2016-05-19 16:00:00,2044.21,2025.91
2016-05-20 16:00:00,2058.35,2041.88
2016-05-23 16:00:00,2055.58,2047.26
2016-05-24 16:00:00,2079.67,2052.65
2016-05-25 16:00:00,2094.73,2078.93
2016-05-26 16:00:00,2094.3,2087.08
2016-05-27 16:00:00,2099.06,2090.06
2016-05-31 16:00:00,2103.48,2088.66
2016-06-01 16:00:00,2100.97,2085.1
2016-06-02 16:00:00,2105.26,2088.59
2016-06-03 16:00:00,2104.07,2085.36
2016-06-06 16:00:00,2113.36,2100.83
2016-06-07 16:00:00,2119.22,2110.18
2016-06-08 16:00:00,2120.55,2112.71
2016-06-09 16:00:00,2117.64,2107.73
2016-06-10 16:00:00,2109.57,2089.96
2016-06-13 16:00:00,2098.12,2078.46
2016-06-14 16:00:00,2081.3,2064.1
2016-06-15 16:00:00,2085.65,2069.8
2016-06-16 16:00:00,2079.62,2050.37
2016-06-17 16:00:00,2078.2,2062.84
2016-06-20 16:00:00,2100.66,2075.58
2016-06-21 16:00:00,2093.66,2083.02
2016-06-22 16:00:00,2099.71,2084.36
2016-06-23 16:00:00,2113.32,2092.8
2016-06-24 16:00:00,2103.81,2032.57
2016-06-27 16:00:00,2031.45,1991.68
2016-06-28 16:00:00,2036.09,2006.67
2016-06-29 16:00:00,2073.13,2042.69
2016-06-30 16:00:00,2098.94,2070
2016-07-01 16:00:00,2108.71,2097.9
2016-07-05 16:00:00,2095.05,2080.86
2016-07-06 16:00:00,2100.72,2074.02
2016-07-07 16:00:00,2109.08,2089.39
2016-07-08 16:00:00,2131.71,2106.97
2016-07-11 16:00:00,2143.16,2131.72
2016-07-12 16:00:00,2155.4,2139.5
2016-07-13 16:00:00,2156.45,2146.21
2016-07-14 16:00:00,2168.99,2157.88
2016-07-15 16:00:00,2169.05,2155.79
2016-07-18 16:00:00,2168.35,2159.63
2016-07-19 16:00:00,2164.63,2159.01
2016-07-20 16:00:00,2175.63,2164.89
2016-07-21 16:00:00,2174.56,2159.75
2016-07-22 16:00:00,2175.11,2163.24
2016-07-25 16:00:00,2173.71,2161.95
2016-07-26 16:00:00,2173.54,2160.18
2016-07-27 16:00:00,2174.98,2159.07
2016-07-28 16:00:00,2172.85,2159.74
2016-07-29 16:00:00,2177.09,2163.49
2016-08-01 16:00:00,2178.29,2166.21
2016-08-02 16:00:00,2170.2,2147.58
2016-08-03 16:00:00,2163.79,2152.56
2016-08-04 16:00:00,2168.19,2159.07
2016-08-05 16:00:00,2182.87,2168.79
2016-08-08 16:00:00,2185.44,2177.85
2016-08-09 16:00:00,2187.66,2178.61
2016-08-10 16:00:00,2183.41,2172
2016-08-11 16:00:00,2188.45,2177.97
2016-08-12 16:00:00,2186.28,2179.42
2016-08-15 16:00:00,2193.81,2186.08
2016-08-16 16:00:00,2186.24,2178.14
2016-08-17 16:00:00,2183.08,2168.5
2016-08-18 16:00:00,2187.03,2180.46
2016-08-19 16:00:00,2185,2175.13
2016-08-22 16:00:00,2185.15,2175.96
2016-08-23 16:00:00,2193.42,2186.8
2016-08-24 16:00:00,2186.66,2171.25
2016-08-25 16:00:00,2179,2169.74
2016-08-26 16:00:00,2187.94,2160.39
2016-08-29 16:00:00,2183.48,2170.19
2016-08-30 16:00:00,2182.27,2170.41
2016-08-31 16:00:00,2173.79,2161.35
2016-09-01 16:00:00,2173.56,2157.09
2016-09-02 16:00:00,2184.87,2173.59
2016-09-06 16:00:00,2186.57,2175.1
2016-09-07 16:00:00,2187.87,2179.07
2016-09-08 16:00:00,2184.94,2177.49
2016-09-09 16:00:00,2169.08,2127.81
2016-09-12 16:00:00,2163.3,2119.12
2016-09-13 16:00:00,2150.47,2120.27
2016-09-14 16:00:00,2141.33,2119.9
2016-09-15 16:00:00,2151.31,2122.36
2016-09-16 16:00:00,2146.48,2131.2
2016-09-19 16:00:00,2153.61,2135.91
2016-09-20 16:00:00,2150.8,2139.17
2016-09-21 16:00:00,2165.11,2139.57
2016-09-22 16:00:00,2179.99,2170.94
2016-09-23 16:00:00,2173.75,2163.97
2016-09-26 16:00:00,2158.54,2145.04
2016-09-27 16:00:00,2161.13,2141.55
2016-09-28 16:00:00,2172.4,2151.79
2016-09-29 16:00:00,2172.67,2145.2
2016-09-30 16:00:00,2175.3,2156.51
2016-10-03 16:00:00,2164.41,2154.77
2016-10-04 16:00:00,2165.46,2144.01
2016-10-05 16:00:00,2163.95,2155.15
2016-10-06 16:00:00,2162.93,2150.28
2016-10-07 16:00:00,2165.86,2144.85
2016-10-10 16:00:00,2169.6,2160.39
2016-10-11 16:00:00,2161.56,2128.84
2016-10-12 16:00:00,2145.36,2132.77
2016-10-13 16:00:00,2138.19,2114.72
2016-10-14 16:00:00,2149.19,2132.98
2016-10-17 16:00:00,2135.61,2124.43
2016-10-18 16:00:00,2144.38,2135.49
2016-10-19 16:00:00,2148.44,2138.15
2016-10-20 16:00:00,2147.18,2133.44
2016-10-21 16:00:00,2142.63,2130.09
2016-10-24 16:00:00,2154.79,2146.91
2016-10-25 16:00:00,2151.44,2141.93
2016-10-26 16:00:00,2145.73,2131.59
2016-10-27 16:00:00,2147.13,2132.52
2016-10-28 16:00:00,2140.72,2119.36
2016-10-31 16:00:00,2133.25,2125.53
2016-11-01 16:00:00,2131.45,2097.85
2016-11-02 16:00:00,2111.76,2094
2016-11-03 16:00:00,2102.56,2085.23
2016-11-04 16:00:00,2099.07,2083.79
2016-11-07 16:00:00,2132,2100.59
2016-11-08 16:00:00,2146.87,2123.56
2016-11-09 16:00:00,2170.1,2125.35
2016-11-10 16:00:00,2182.3,2151.17
2016-11-11 16:00:00,2165.92,2152.49
2016-11-14 16:00:00,2171.36,2156.08
2016-11-15 16:00:00,2180.84,2166.38
2016-11-16 16:00:00,2179.22,2172.2
2016-11-17 16:00:00,2188.06,2176.65
2016-11-18 16:00:00,2189.89,2180.38
2016-11-21 16:00:00,2198.7,2186.43
2016-11-22 16:00:00,2204.8,2194.51
2016-11-23 16:00:00,2204.72,2194.51
2016-11-25 16:00:00,2213.35,2206.27
2016-11-28 16:00:00,2211.14,2200.36
2016-11-29 16:00:00,2210.46,2198.15
2016-11-30 16:00:00,2214.1,2198.81
2016-12-01 16:00:00,2202.6,2187.44
2016-12-02 16:00:00,2197.95,2188.37
2016-12-05 16:00:00,2209.42,2199.97
2016-12-06 16:00:00,2212.78,2202.21
2016-12-07 16:00:00,2241.63,2208.93
2016-12-08 16:00:00,2251.69,2237.57
2016-12-09 16:00:00,2259.8,2249.23
2016-12-12 16:00:00,2264.03,2252.37
2016-12-13 16:00:00,2277.53,2263.32
2016-12-14 16:00:00,2276.2,2248.44
2016-12-15 16:00:00,2272.12,2253.77
2016-12-16 16:00:00,2268.05,2254.24
2016-12-19 16:00:00,2267.47,2258.21
2016-12-20 16:00:00,2272.56,2266.14
2016-12-21 16:00:00,2271.23,2265.15
2016-12-22 16:00:00,2263.18,2256.08
2016-12-23 16:00:00,2263.79,2258.84
2016-12-27 16:00:00,2273.82,2266.15
2016-12-28 16:00:00,2271.31,2249.11
2016-12-29 16:00:00,2254.51,2244.56
2016-12-30 16:00:00,2253.58,2233.62
2017-01-03 16:00:00,2263.88,2245.13
2017-01-04 16:00:00,2272.82,2261.6
2017-01-05 16:00:00,2271.5,2260.45
2017-01-06 16:00:00,2282.1,2264.06
2017-01-09 16:00:00,2275.49,2268.9
2017-01-10 16:00:00,2279.27,2265.27
2017-01-11 16:00:00,2275.32,2260.83
2017-01-12 16:00:00,2271.78,2254.25
2017-01-13 16:00:00,2278.68,2271.51
2017-01-17 16:00:00,2272.08,2262.81
2017-01-18 16:00:00,2272.01,2263.35
2017-01-19 16:00:00,2274.33,2258.41
2017-01-20 16:00:00,2276.96,2265.01
2017-01-23 16:00:00,2271.78,2257.02
2017-01-24 16:00:00,2284.63,2266.68
2017-01-25 16:00:00,2299.55,2288.88
2017-01-26 16:00:00,2300.99,2294.08
2017-01-27 16:00:00,2299.02,2291.62
2017-01-30 16:00:00,2286.01,2268.04
2017-01-31 16:00:00,2279.09,2267.21
2017-02-01 16:00:00,2289.14,2272.44
2017-02-02 16:00:00,2283.97,2271.65
2017-02-03 16:00:00,2298.31,2287.88
2017-02-06 16:00:00,2296.18,2288.57
2017-02-07 16:00:00,2299.4,2290.16
2017-02-08 16:00:00,2295.91,2285.38
2017-02-09 16:00:00,2311.08,2296.61
2017-02-10 16:00:00,2319.23,2311.1
2017-02-13 16:00:00,2331.58,2321.42
2017-02-14 16:00:00,2337.58,2322.17
2017-02-15 16:00:00,2351.3,2334.81
2017-02-16 16:00:00,2351.31,2338.87
2017-02-17 16:00:00,2351.16,2339.58
2017-02-21 16:00:00,2366.71,2354.91
2017-02-22 16:00:00,2365.13,2358.34
2017-02-23 16:00:00,2368.26,2355.09
2017-02-24 16:00:00,2367.34,2352.87
2017-02-27 16:00:00,2371.54,2361.87
2017-02-28 16:00:00,2367.79,2358.96
2017-03-01 16:00:00,2400.98,2380.13
2017-03-02 16:00:00,2394.75,2380.17
2017-03-03 16:00:00,2383.89,2375.39
2017-03-06 16:00:00,2378.8,2367.98
2017-03-07 16:00:00,2375.12,2365.51
2017-03-08 16:00:00,2373.09,2361.01
2017-03-09 16:00:00,2369.08,2354.54
2017-03-10 16:00:00,2376.86,2363.04
2017-03-13 16:00:00,2374.42,2368.52
2017-03-14 16:00:00,2368.55,2358.18
2017-03-15 16:00:00,2390.01,2368.94
2017-03-16 16:00:00,2388.1,2377.18
2017-03-17 16:00:00,2385.71,2377.64
2017-03-20 16:00:00,2379.55,2369.66
2017-03-21 16:00:00,2381.93,2341.9
2017-03-22 16:00:00,2351.81,2336.45
2017-03-23 16:00:00,2358.92,2342.13
2017-03-24 16:00:00,2356.22,2335.74
2017-03-27 16:00:00,2344.9,2322.25
2017-03-28 16:00:00,2363.78,2337.63
2017-03-29 16:00:00,2363.36,2352.94
2017-03-30 16:00:00,2370.42,2358.58
2017-03-31 16:00:00,2370.35,2362.6
2017-04-03 16:00:00,2365.87,2344.73
2017-04-04 16:00:00,2360.53,2350.72
2017-04-05 16:00:00,2378.36,2350.52
2017-04-06 16:00:00,2364.16,2348.9
2017-04-07 16:00:00,2363.76,2350.74
2017-04-10 16:00:00,2366.37,2351.5
2017-04-11 16:00:00,2355.22,2337.25
2017-04-12 16:00:00,2352.72,2341.18
2017-04-13 16:00:00,2348.26,2328.95
2017-04-17 16:00:00,2349.14,2332.51
2017-04-18 16:00:00,2348.35,2334.54
2017-04-19 16:00:00,2352.63,2335.05
2017-04-20 16:00:00,2361.37,2340.91
2017-04-21 16:00:00,2356.18,2344.51
2017-04-24 16:00:00,2376.98,2369.19
2017-04-25 16:00:00,2392.48,2381.15
2017-04-26 16:00:00,2398.16,2386.76
2017-04-27 16:00:00,2392.1,2382.68
2017-04-28 16:00:00,2393.68,2382.36
2017-05-01 16:00:00,2394.49,2384.83
2017-05-02 16:00:00,2392.93,2385.82
2017-05-03 16:00:00,2389.82,2379.75
2017-05-04 16:00:00,2391.43,2380.35
2017-05-05 16:00:00,2399.29,2389.38
2017-05-08 16:00:00,2401.36,2393.92
2017-05-09 16:00:00,2403.87,2392.44
2017-05-10 16:00:00,2399.74,2392.79
2017-05-11 16:00:00,2395.72,2381.74
2017-05-12 16:00:00,2392.44,2387.19
2017-05-15 16:00:00,2404.05,2393.94
2017-05-16 16:00:00,2405.77,2396.05
2017-05-17 16:00:00,2384.87,2356.21
2017-05-18 16:00:00,2375.74,2352.72
2017-05-19 16:00:00,2389.06,2370.43
2017-05-22 16:00:00,2395.46,2386.92
2017-05-23 16:00:00,2400.85,2393.88
2017-05-24 16:00:00,2405.58,2397.99
2017-05-25 16:00:00,2418.71,2408.01
2017-05-26 16:00:00,2416.68,2412.2
2017-05-30 16:00:00,2415.26,2409.43
2017-05-31 16:00:00,2415.99,2403.59
2017-06-01 16:00:00,2430.06,2413.54
2017-06-02 16:00:00,2440.23,2427.71
2017-06-05 16:00:00,2439.55,2434.32
2017-06-06 16:00:00,2436.21,2428.12
2017-06-07 16:00:00,2435.28,2424.75
2017-06-08 16:00:00,2439.27,2427.94
2017-06-09 16:00:00,2446.2,2415.7
2017-06-12 16:00:00,2430.38,2419.97
2017-06-13 16:00:00,2441.49,2431.28
2017-06-14 16:00:00,2443.75,2428.34
2017-06-15 16:00:00,2433.95,2418.53
2017-06-16 16:00:00,2433.15,2422.88
2017-06-19 16:00:00,2453.82,2441.79
2017-06-20 16:00:00,2450.66,2436.6
2017-06-21 16:00:00,2442.23,2430.74
2017-06-22 16:00:00,2441.62,2433.27
2017-06-23 16:00:00,2441.4,2431.11
2017-06-26 16:00:00,2450.42,2437.03
2017-06-27 16:00:00,2440.15,2419.38
2017-06-28 16:00:00,2442.97,2428.02
2017-06-29 16:00:00,2442.73,2405.7
2017-06-30 16:00:00,2432.71,2421.65
2017-07-03 16:00:00,2439.17,2428.69
2017-07-05 16:00:00,2434.9,2422.05
2017-07-06 16:00:00,2424.28,2407.7
2017-07-07 16:00:00,2426.92,2413.52
2017-07-10 16:00:00,2432,2422.27
2017-07-11 16:00:00,2429.3,2412.79
2017-07-12 16:00:00,2445.76,2435.75
2017-07-13 16:00:00,2449.32,2441.69
2017-07-14 16:00:00,2463.54,2446.69
2017-07-17 16:00:00,2462.82,2457.16
2017-07-18 16:00:00,2460.92,2450.34
2017-07-19 16:00:00,2473.83,2463.85
2017-07-20 16:00:00,2477.62,2468.43
2017-07-21 16:00:00,2472.54,2465.06
2017-07-24 16:00:00,2473.1,2466.32
2017-07-25 16:00:00,2481.24,2474.91
2017-07-26 16:00:00,2481.69,2474.94
2017-07-27 16:00:00,2484.04,2459.93
2017-07-28 16:00:00,2473.53,2464.66
2017-07-31 16:00:00,2477.96,2468.53
2017-08-01 16:00:00,2478.51,2471.14
2017-08-02 16:00:00,2480.38,2466.48
2017-08-03 16:00:00,2476.03,2468.85
2017-08-04 16:00:00,2480,2472.08
2017-08-07 16:00:00,2480.95,2475.88
2017-08-08 16:00:00,2490.87,2470.32
2017-08-09 16:00:00,2474.41,2462.08
2017-08-10 16:00:00,2465.38,2437.75
2017-08-11 16:00:00,2448.09,2437.85
2017-08-14 16:00:00,2468.22,2454.96
2017-08-15 16:00:00,2468.9,2461.61
2017-08-16 16:00:00,2474.93,2463.86
2017-08-17 16:00:00,2465.02,2430.01
2017-08-18 16:00:00,2440.27,2420.69
2017-08-21 16:00:00,2430.58,2417.35
2017-08-22 16:00:00,2454.77,2433.67
2017-08-23 16:00:00,2448.91,2441.42
2017-08-24 16:00:00,2450.39,2436.19
2017-08-25 16:00:00,2453.96,2442.22
2017-08-28 16:00:00,2449.12,2439.03
2017-08-29 16:00:00,2449.19,2428.2
2017-08-30 16:00:00,2460.31,2443.77
2017-08-31 16:00:00,2475.01,2462.65
2017-09-01 16:00:00,2480.38,2473.85
2017-09-05 16:00:00,2471.97,2446.55
2017-09-06 16:00:00,2469.64,2459.2
2017-09-07 16:00:00,2468.62,2460.29
2017-09-08 16:00:00,2467.11,2459.4
2017-09-11 16:00:00,2488.95,2474.52
2017-09-12 16:00:00,2496.77,2490.37
2017-09-13 16:00:00,2498.37,2492.14
2017-09-14 16:00:00,2498.43,2491.35
2017-09-15 16:00:00,2500.23,2493.16
2017-09-18 16:00:00,2508.32,2499.92
2017-09-19 16:00:00,2507.84,2503.19
2017-09-20 16:00:00,2508.85,2496.67
2017-09-21 16:00:00,2507.16,2499
2017-09-22 16:00:00,2503.47,2496.54
2017-09-25 16:00:00,2502.54,2488.03
2017-09-26 16:00:00,2503.51,2495.12
2017-09-27 16:00:00,2511.75,2495.91
2017-09-28 16:00:00,2510.81,2502.93
2017-09-29 16:00:00,2519.44,2507.99
2017-10-02 16:00:00,2529.23,2520.4
2017-10-03 16:00:00,2535.13,2528.85
2017-10-04 16:00:00,2540.53,2531.8
2017-10-05 16:00:00,2552.51,2540.02
2017-10-06 16:00:00,2549.41,2543.79
2017-10-09 16:00:00,2551.82,2541.6
2017-10-10 16:00:00,2555.23,2544.86
2017-10-11 16:00:00,2555.24,2547.95
2017-10-12 16:00:00,2555.33,2548.31
2017-10-13 16:00:00,2557.65,2552.09
2017-10-16 16:00:00,2559.47,2552.64
2017-10-17 16:00:00,2559.71,2554.69
2017-10-18 16:00:00,2564.11,2559.67
2017-10-19 16:00:00,2562.36,2547.92
2017-10-20 16:00:00,2575.44,2567.56
2017-10-23 16:00:00,2578.29,2564.33
2017-10-24 16:00:00,2572.18,2565.58
2017-10-25 16:00:00,2567.4,2544
2017-10-26 16:00:00,2567.07,2559.8
2017-10-27 16:00:00,2582.98,2565.94
2017-10-30 16:00:00,2580.03,2568.25
2017-10-31 16:00:00,2578.29,2572.15
2017-11-01 16:00:00,2588.4,2574.92
2017-11-02 16:00:00,2581.11,2566.17
2017-11-03 16:00:00,2588.42,2576.77
2017-11-06 16:00:00,2593.38,2585.66
2017-11-07 16:00:00,2597.02,2584.35
2017-11-08 16:00:00,2595.47,2585.02
2017-11-09 16:00:00,2586.5,2566.33
2017-11-10 16:00:00,2583.81,2575.57
2017-11-13 16:00:00,2587.66,2574.48
2017-11-14 16:00:00,2579.66,2566.56
2017-11-15 16:00:00,2572.84,2557.45
2017-11-16 16:00:00,2590.09,2572.95
2017-11-17 16:00:00,2583.96,2577.62
2017-11-20 16:00:00,2584.64,2578.24
2017-11-21 16:00:00,2601.19,2589.17
2017-11-22 16:00:00,2600.94,2595.23
2017-11-24 13:00:00,2604.21,2600.42
2017-11-27 16:00:00,2606.41,2598.87
2017-11-28 16:00:00,2627.69,2605.44
2017-11-29 16:00:00,2634.89,2620.32
2017-11-30 16:00:00,2657.74,2633.93
2017-12-01 16:00:00,2650.62,2605.52
2017-12-04 16:00:00,2665.19,2639.03
2017-12-05 16:00:00,2648.72,2627.73
2017-12-06 16:00:00,2634.41,2624.75
2017-12-07 16:00:00,2640.99,2626.53
2017-12-08 16:00:00,2651.65,2644.1
2017-12-11 16:00:00,2660.33,2651.47
2017-12-12 16:00:00,2669.72,2659.78
2017-12-13 16:00:00,2671.88,2662.85
2017-12-14 16:00:00,2668.09,2652.01
2017-12-15 16:00:00,2679.63,2659.14
2017-12-18 16:00:00,2694.97,2685.92
2017-12-19 16:00:00,2694.44,2680.74
2017-12-20 16:00:00,2691.01,2676.11
2017-12-21 16:00:00,2692.64,2682.4
2017-12-22 16:00:00,2685.35,2678.13
2017-12-26 16:00:00,2682.74,2677.96
2017-12-27 16:00:00,2685.64,2678.91
2017-12-28 16:00:00,2687.66,2682.69
2017-12-29 16:00:00,2692.12,2673.61
2018-01-02 16:00:00,2695.89,2682.36
2018-01-03 16:00:00,2714.37,2697.77
2018-01-04 16:00:00,2729.29,2719.07
2018-01-05 16:00:00,2743.45,2727.92
2018-01-08 16:00:00,2748.51,2737.6
2018-01-09 16:00:00,2759.14,2747.86
2018-01-10 16:00:00,2750.8,2736.06
2018-01-11 16:00:00,2767.56,2752.78
2018-01-12 16:00:00,2787.85,2769.64
2018-01-16 16:00:00,2807.54,2768.64
2018-01-17 16:00:00,2807.04,2778.38
2018-01-18 16:00:00,2805.83,2792.56
2018-01-19 16:00:00,2810.33,2798.08
2018-01-22 16:00:00,2833.03,2808.12
2018-01-23 16:00:00,2842.24,2830.59
2018-01-24 16:00:00,2852.97,2824.81
2018-01-25 16:00:00,2848.56,2830.94
2018-01-26 16:00:00,2872.87,2846.18
2018-01-29 16:00:00,2870.62,2851.48
2018-01-30 16:00:00,2837.75,2818.27
2018-01-31 16:00:00,2839.26,2813.04
2018-02-01 16:00:00,2835.96,2812.7
2018-02-02 16:00:00,2808.92,2759.97
2018-02-05 16:00:00,2763.39,2638.17
2018-02-06 16:00:00,2701.04,2593.07
2018-02-07 16:00:00,2727.67,2681.33
2018-02-08 16:00:00,2685.27,2580.56
2018-02-09 16:00:00,2638.67,2532.69
2018-02-12 16:00:00,2672.61,2622.45
2018-02-13 16:00:00,2668.84,2637.08
2018-02-14 16:00:00,2702.1,2648.87
2018-02-15 16:00:00,2731.51,2689.82
2018-02-16 16:00:00,2754.42,2725.11
2018-02-20 16:00:00,2737.6,2706.76
2018-02-21 16:00:00,2747.75,2701.29
2018-02-22 16:00:00,2731.26,2697.77
2018-02-23 16:00:00,2747.76,2713.74
2018-02-26 16:00:00,2780.64,2753.78
2018-02-27 16:00:00,2789.15,2744.22
2018-02-28 16:00:00,2761.52,2713.54
2018-03-01 16:00:00,2730.89,2659.65
2018-03-02 16:00:00,2696.25,2647.32
2018-03-05 16:00:00,2728.09,2675.75
2018-03-06 16:00:00,2732.08,2711.26
2018-03-07 16:00:00,2730.6,2701.74
2018-03-08 16:00:00,2740.45,2722.65
2018-03-09 16:00:00,2786.57,2751.54
2018-03-12 16:00:00,2796.98,2779.26
2018-03-13 16:00:00,2801.9,2758.68
2018-03-14 16:00:00,2777.11,2744.38
2018-03-15 16:00:00,2763.03,2741.47
2018-03-16 16:00:00,2761.85,2749.97
2018-03-19 16:00:00,2741.38,2694.59
2018-03-20 16:00:00,2724.22,2710.05
2018-03-21 16:00:00,2739.14,2709.79
2018-03-22 16:00:00,2695.68,2641.59
2018-03-23 16:00:00,2657.67,2585.89
2018-03-26 16:00:00,2661.36,2601.81
2018-03-27 16:00:00,2674.78,2596.12
2018-03-28 16:00:00,2632.65,2593.06
2018-03-29 16:00:00,2659.07,2609.72
2018-04-02 16:00:00,2638.3,2553.8
2018-04-03 16:00:00,2619.14,2575.49
2018-04-04 16:00:00,2649.86,2573.61
2018-04-05 16:00:00,2672.08,2649.58
2018-04-06 16:00:00,2656.88,2586.27
2018-04-09 16:00:00,2653.55,2610.79
2018-04-10 16:00:00,2665.45,2635.78
2018-04-11 16:00:00,2661.43,2639.25
2018-04-12 16:00:00,2674.72,2653.83
2018-04-13 16:00:00,2680.26,2645.05
2018-04-16 16:00:00,2686.49,2665.16
2018-04-17 16:00:00,2713.34,2692.05
2018-04-18 16:00:00,2717.49,2703.63
2018-04-19 16:00:00,2702.84,2681.9
2018-04-20 16:00:00,2693.94,2660.61
2018-04-23 16:00:00,2682.86,2657.99
2018-04-24 16:00:00,2683.55,2617.32
2018-04-25 16:00:00,2645.3,2612.67
2018-04-26 16:00:00,2676.48,2647.16
2018-04-27 16:00:00,2677.35,2659.01
2018-04-30 16:00:00,2682.92,2648.04
2018-05-01 16:00:00,2655.27,2625.41
2018-05-02 16:00:00,2660.87,2631.7
2018-05-03 16:00:00,2637.14,2594.62
2018-05-04 16:00:00,2670.93,2615.32
2018-05-07 16:00:00,2683.35,2664.7
2018-05-08 16:00:00,2676.34,2655.2
2018-05-09 16:00:00,2701.27,2674.14
2018-05-10 16:00:00,2726.11,2704.54
2018-05-11 16:00:00,2732.86,2717.45
2018-05-14 16:00:00,2742.1,2725.47
2018-05-15 16:00:00,2718.59,2701.91
2018-05-16 16:00:00,2727.76,2712.17
2018-05-17 16:00:00,2731.96,2711.36
2018-05-18 16:00:00,2719.5,2709.18
2018-05-21 16:00:00,2739.19,2725.7
2018-05-22 16:00:00,2742.24,2721.88
2018-05-23 16:00:00,2733.33,2709.54
2018-05-24 16:00:00,2731.97,2707.38
2018-05-25 16:00:00,2727.36,2714.99
2018-05-29 16:00:00,2710.67,2676.81
2018-05-30 16:00:00,2729.34,2702.43
2018-05-31 16:00:00,2722.5,2700.68
2018-06-01 16:00:00,2736.93,2718.7
2018-06-04 16:00:00,2749.16,2740.54
2018-06-05 16:00:00,2752.61,2739.51
2018-06-06 16:00:00,2772.39,2748.46
2018-06-07 16:00:00,2779.9,2760.16
2018-06-08 16:00:00,2779.39,2763.59
2018-06-11 16:00:00,2790.21,2780.17
2018-06-12 16:00:00,2789.8,2778.78
2018-06-13 16:00:00,2791.47,2774.65
2018-06-14 16:00:00,2789.06,2776.52
2018-06-15 16:00:00,2782.81,2761.73
2018-06-18 16:00:00,2774.99,2757.12
2018-06-19 16:00:00,2765.05,2743.19
2018-06-20 16:00:00,2774.86,2763.91
2018-06-21 16:00:00,2769.28,2744.39
2018-06-22 16:00:00,2764.17,2752.68
2018-06-25 16:00:00,2742.94,2698.67
2018-06-26 16:00:00,2732.91,2715.6
2018-06-27 16:00:00,2746.09,2699.38
2018-06-28 16:00:00,2724.34,2691.99
2018-06-29 16:00:00,2743.26,2718.03
2018-07-02 16:00:00,2727.26,2698.95
2018-07-03 13:00:00,2736.58,2711.16
2018-07-05 16:00:00,2737.83,2716.02
2018-07-06 16:00:00,2764.41,2733.52
2018-07-09 16:00:00,2784.65,2768.51
2018-07-10 16:00:00,2795.58,2786.24
2018-07-11 16:00:00,2785.91,2770.77
2018-07-12 16:00:00,2799.22,2781.53
2018-07-13 16:00:00,2804.53,2791.69
2018-07-16 16:00:00,2803.71,2793.39
2018-07-17 16:00:00,2814.19,2789.24
2018-07-18 16:00:00,2816.76,2805.89
2018-07-19 16:00:00,2812.05,2799.77
2018-07-20 16:00:00,2809.7,2800.01
2018-07-23 16:00:00,2808.61,2795.14
2018-07-24 16:00:00,2829.99,2811.12
2018-07-25 16:00:00,2848.03,2817.73
2018-07-26 16:00:00,2845.57,2835.26
2018-07-27 16:00:00,2843.17,2808.34
2018-07-30 16:00:00,2821.74,2798.11
2018-07-31 16:00:00,2824.46,2808.06
2018-08-01 16:00:00,2825.83,2805.85
2018-08-02 16:00:00,2829.91,2796.34
2018-08-03 16:00:00,2840.38,2827.37
2018-08-06 16:00:00,2853.29,2835.98
2018-08-07 16:00:00,2863.43,2855.92
2018-08-08 16:00:00,2862.44,2853.09
2018-08-09 16:00:00,2862.48,2851.98
2018-08-10 16:00:00,2842.2,2825.81
2018-08-13 16:00:00,2843.4,2819.88
2018-08-14 16:00:00,2843.11,2826.58
2018-08-15 16:00:00,2827.95,2802.49
2018-08-16 16:00:00,2850.49,2831.44
2018-08-17 16:00:00,2855.63,2833.73
2018-08-20 16:00:00,2859.76,2850.62
2018-08-21 16:00:00,2873.23,2861.32
2018-08-22 16:00:00,2867.54,2856.05
2018-08-23 16:00:00,2868.78,2854.03
2018-08-24 16:00:00,2876.16,2862.35
2018-08-27 16:00:00,2898.25,2884.69
2018-08-28 16:00:00,2903.77,2893.5
2018-08-29 16:00:00,2916.5,2898.4
2018-08-30 16:00:00,2912.46,2895.22
2018-08-31 16:00:00,2906.32,2891.73
2018-09-04 16:00:00,2900.18,2885.13
2018-09-05 16:00:00,2894.21,2876.92
2018-09-06 16:00:00,2892.05,2867.29
2018-09-07 16:00:00,2883.81,2864.12
2018-09-10 16:00:00,2886.93,2875.94
2018-09-11 16:00:00,2892.52,2866.78
2018-09-12 16:00:00,2894.65,2879.2
2018-09-13 16:00:00,2906.76,2896.39
2018-09-14 16:00:00,2908.3,2895.77
2018-09-17 16:00:00,2904.65,2886.16
2018-09-18 16:00:00,2911.17,2890.43
2018-09-19 16:00:00,2912.36,2903.82
2018-09-20 16:00:00,2934.8,2919.73
2018-09-21 16:00:00,2940.91,2927.11
2018-09-24 16:00:00,2923.79,2912.63
2018-09-25 16:00:00,2923.95,2913.7
2018-09-26 16:00:00,2931.15,2903.28
2018-09-27 16:00:00,2927.22,2909.27
2018-09-28 16:00:00,2920.53,2907.5
2018-10-01 16:00:00,2937.06,2917.91
2018-10-02 16:00:00,2931.42,2919.37
2018-10-03 16:00:00,2939.86,2921.36
2018-10-04 16:00:00,2919.78,2883.92
2018-10-05 16:00:00,2909.64,2869.29
2018-10-08 16:00:00,2889.45,2862.08
2018-10-09 16:00:00,2894.83,2874.27
2018-10-10 16:00:00,2874.02,2784.86
2018-10-11 16:00:00,2795.14,2710.51
2018-10-12 16:00:00,2775.77,2729.44
2018-10-15 16:00:00,2775.99,2749.03
2018-10-16 16:00:00,2813.46,2766.91
2018-10-17 16:00:00,2816.94,2781.81
2018-10-18 16:00:00,2806.04,2755.18
2018-10-19 16:00:00,2797.77,2760.27
2018-10-22 16:00:00,2778.94,2749.22
2018-10-23 16:00:00,2753.59,2691.43
2018-10-24 16:00:00,2742.59,2651.89
2018-10-25 16:00:00,2722.7,2667.84
2018-10-26 16:00:00,2692.38,2628.16
2018-10-29 16:00:00,2706.85,2603.54
2018-10-30 16:00:00,2685.43,2635.34
2018-10-31 16:00:00,2736.69,2705.6
2018-11-01 16:00:00,2741.67,2708.85
2018-11-02 16:00:00,2756.55,2700.44
2018-11-05 16:00:00,2744.27,2717.94
2018-11-06 16:00:00,2756.82,2737.08
2018-11-07 16:00:00,2815.15,2774.13
2018-11-08 16:00:00,2814.75,2794.99
2018-11-09 16:00:00,2794.1,2764.24
2018-11-12 16:00:00,2775.99,2722
2018-11-13 16:00:00,2754.6,2714.98
2018-11-14 16:00:00,2746.8,2685.75
2018-11-15 16:00:00,2735.38,2670.75
2018-11-16 16:00:00,2746.75,2712.16
2018-11-19 16:00:00,2733.16,2681.09
2018-11-20 16:00:00,2669.44,2631.52
2018-11-21 16:00:00,2670.73,2649.82
2018-11-23 13:00:00,2647.55,2631.09
2018-11-26 16:00:00,2674.35,2649.97
2018-11-27 16:00:00,2682.53,2655.89
2018-11-28 16:00:00,2744,2684.38
2018-11-29 16:00:00,2753.75,2722.94
2018-11-30 16:00:00,2760.88,2732.76
2018-12-03 16:00:00,2800.18,2773.38
2018-12-04 16:00:00,2785.93,2697.18
2018-12-06 16:00:00,2696.15,2621.53
2018-12-07 16:00:00,2708.54,2623.14
2018-12-10 16:00:00,2647.51,2583.23
2018-12-11 16:00:00,2674.35,2621.3
2018-12-12 16:00:00,2685.44,2650.26
2018-12-13 16:00:00,2670.19,2637.27
2018-12-14 16:00:00,2635.07,2593.84
2018-12-17 16:00:00,2601.13,2530.54
2018-12-18 16:00:00,2573.99,2528.71
2018-12-19 16:00:00,2585.29,2488.96
2018-12-20 16:00:00,2509.63,2441.18
2018-12-21 16:00:00,2504.41,2408.55
2018-12-24 13:00:00,2410.34,2351.1
2018-12-26 16:00:00,2467.76,2346.58
2018-12-27 16:00:00,2489.1,2397.94
2018-12-28 16:00:00,2520.27,2472.89
2018-12-31 16:00:00,2509.24,2482.82
2019-01-02 16:00:00,2519.49,2467.47
2019-01-03 16:00:00,2493.14,2443.96
2019-01-04 16:00:00,2538.07,2474.33
2019-01-07 16:00:00,2566.16,2524.56
2019-01-08 16:00:00,2579.82,2547.56
2019-01-09 16:00:00,2595.32,2568.89
2019-01-10 16:00:00,2597.82,2562.02
2019-01-11 16:00:00,2596.27,2577.4
2019-01-14 16:00:00,2589.32,2570.41
2019-01-15 16:00:00,2613.08,2585.1
2019-01-16 16:00:00,2625.76,2612.68
2019-01-17 16:00:00,2645.06,2606.36
2019-01-18 16:00:00,2675.47,2647.58
2019-01-22 16:00:00,2657.88,2617.27
2019-01-23 16:00:00,2653.19,2612.86
2019-01-24 16:00:00,2647.2,2627.01
2019-01-25 16:00:00,2672.38,2657.33
2019-01-28 16:00:00,2644.97,2624.06
2019-01-29 16:00:00,2650.93,2631.05
2019-01-30 16:00:00,2690.44,2648.34
2019-01-31 16:00:00,2708.95,2678.65
2019-02-01 16:00:00,2716.66,2696.88
2019-02-04 16:00:00,2724.99,2698.75
2019-02-05 16:00:00,2738.98,2724.03
2019-02-06 16:00:00,2738.08,2724.15
2019-02-07 16:00:00,2719.32,2687.26
2019-02-08 16:00:00,2708.07,2681.83
2019-02-11 16:00:00,2718.05,2703.79
2019-02-12 16:00:00,2748.19,2722.61
2019-02-13 16:00:00,2761.85,2748.63
2019-02-14 16:00:00,2757.9,2731.23
2019-02-15 16:00:00,2775.66,2760.24
2019-02-19 16:00:00,2787.33,2767.29
2019-02-20 16:00:00,2789.88,2774.06
2019-02-21 16:00:00,2781.58,2764.55
2019-02-22 16:00:00,2794.2,2779.11
2019-02-25 16:00:00,2813.49,2794.99
2019-02-26 16:00:00,2803.12,2789.47
2019-02-27 16:00:00,2795.76,2775.13
2019-02-28 16:00:00,2793.73,2782.51
2019-03-01 16:00:00,2808.02,2787.38
2019-03-04 16:00:00,2816.88,2767.66
2019-03-05 16:00:00,2796.44,2782.97
2019-03-06 16:00:00,2790.27,2768.69
2019-03-07 16:00:00,2767.25,2739.09
2019-03-08 16:00:00,2744.13,2722.27
2019-03-11 16:00:00,2784,2747.61
2019-03-12 16:00:00,2798.32,2786.73
2019-03-13 16:00:00,2821.24,2799.78
2019-03-14 16:00:00,2815,2803.46
2019-03-15 16:00:00,2830.73,2810.79
2019-03-18 16:00:00,2835.41,2821.99
2019-03-19 16:00:00,2852.42,2823.27
2019-03-20 16:00:00,2843.54,2812.43
2019-03-21 16:00:00,2860.31,2817.38
2019-03-22 16:00:00,2846.16,2800.47
2019-03-25 16:00:00,2809.79,2785.02
2019-03-26 16:00:00,2829.87,2803.99
2019-03-27 16:00:00,2825.56,2787.72
2019-03-28 16:00:00,2819.71,2798.77
2019-03-29 16:00:00,2836.03,2819.23
2019-04-01 16:00:00,2869.4,2848.63
2019-04-02 16:00:00,2872.9,2858.75
2019-04-03 16:00:00,2885.25,2865.17
2019-04-04 16:00:00,2881.28,2867.14
2019-04-05 16:00:00,2893.24,2882.99
2019-04-08 16:00:00,2895.95,2880.78
2019-04-09 16:00:00,2886.88,2873.33
2019-04-10 16:00:00,2889.71,2879.13
2019-04-11 16:00:00,2893.42,2881.99
2019-04-12 16:00:00,2910.54,2898.37
2019-04-15 16:00:00,2909.6,2896.48
2019-04-16 16:00:00,2916.06,2900.71
2019-04-17 16:00:00,2918,2895.45
2019-04-18 16:00:00,2908.4,2891.9
2019-04-22 16:00:00,2909.51,2896.35
2019-04-23 16:00:00,2936.31,2908.53
2019-04-24 16:00:00,2936.83,2926.05
2019-04-25 16:00:00,2933.1,2912.84
2019-04-26 16:00:00,2939.88,2917.56
2019-04-29 16:00:00,2949.52,2939.35
2019-04-30 16:00:00,2948.22,2924.11
2019-05-01 16:00:00,2954.13,2923.36
2019-05-02 16:00:00,2931.68,2900.5
2019-05-03 16:00:00,2947.85,2929.21
2019-05-06 16:00:00,2937.32,2898.21
2019-05-07 16:00:00,2913.03,2862.6
2019-05-08 16:00:00,2897.96,2873.28
2019-05-09 16:00:00,2875.97,2836.4
2019-05-10 16:00:00,2891.31,2825.39
2019-05-13 16:00:00,2840.19,2801.43
2019-05-14 16:00:00,2852.54,2820.12
2019-05-15 16:00:00,2858.68,2815.08
2019-05-16 16:00:00,2892.15,2855.8
2019-05-17 16:00:00,2885.48,2854.23
2019-05-20 16:00:00,2853.86,2831.29
2019-05-21 16:00:00,2868.88,2854.02
2019-05-22 16:00:00,2865.47,2851.11
2019-05-23 16:00:00,2836.7,2805.49
2019-05-24 16:00:00,2841.36,2820.19
2019-05-28 16:00:00,2840.51,2801.58
2019-05-29 16:00:00,2792.03,2766.06
2019-05-30 16:00:00,2799,2776.74
2019-05-31 16:00:00,2768.98,2750.52
2019-06-03 16:00:00,2763.07,2728.81
2019-06-04 16:00:00,2804.49,2762.64
2019-06-05 16:00:00,2827.28,2800.92
2019-06-06 16:00:00,2852.1,2822.45
2019-06-07 16:00:00,2884.97,2852.87
2019-06-10 16:00:00,2904.77,2885.51
2019-06-11 16:00:00,2910.61,2878.53
2019-06-12 16:00:00,2888.57,2874.68
2019-06-13 16:00:00,2895.24,2881.99
2019-06-14 16:00:00,2894.45,2879.62
2019-06-17 16:00:00,2897.27,2887.3
2019-06-18 16:00:00,2930.79,2905.44
2019-06-19 16:00:00,2931.74,2911.43
2019-06-20 16:00:00,2958.06,2931.5
2019-06-21 16:00:00,2964.15,2946.87
2019-06-24 16:00:00,2954.92,2944.05
2019-06-25 16:00:00,2946.52,2916.01
2019-06-26 16:00:00,2932.59,2912.99
2019-06-27 16:00:00,2929.3,2918.57
2019-06-28 16:00:00,2943.98,2929.05
2019-07-01 16:00:00,2977.93,2952.22
2019-07-02 16:00:00,2973.21,2955.92
2019-07-03 13:00:00,2995.84,2977.96
2019-07-05 16:00:00,2994.03,2967.97
2019-07-08 16:00:00,2980.76,2970.09
2019-07-09 16:00:00,2981.9,2963.44
2019-07-10 16:00:00,3002.98,2984.62
2019-07-11 16:00:00,3002.33,2988.8
2019-07-12 16:00:00,3013.92,3001.87
2019-07-15 16:00:00,3017.8,3008.77
2019-07-16 16:00:00,3015.02,3001.15
2019-07-17 16:00:00,3005.26,2984.25
2019-07-18 16:00:00,2998.28,2973.09
2019-07-19 16:00:00,3006.02,2975.86
2019-07-22 16:00:00,2990.71,2976.65
2019-07-23 16:00:00,3005.9,2988.56
2019-07-24 16:00:00,3019.59,2996.82
2019-07-25 16:00:00,3016.31,2997.24
2019-07-26 16:00:00,3027.98,3012.59
2019-07-29 16:00:00,3025.61,3014.3
2019-07-30 16:00:00,3017.19,3000.94
2019-07-31 16:00:00,3017.4,2958.08
2019-08-01 16:00:00,3013.59,2945.23
2019-08-02 16:00:00,2945.5,2914.11
2019-08-05 16:00:00,2898.07,2822.12
2019-08-06 16:00:00,2884.4,2847.42
2019-08-07 16:00:00,2892.17,2825.71
2019-08-08 16:00:00,2938.72,2894.47
2019-08-09 16:00:00,2935.75,2900.15
2019-08-12 16:00:00,2907.58,2873.14
2019-08-13 16:00:00,2943.31,2877.05
2019-08-14 16:00:00,2894.15,2839.64
2019-08-15 16:00:00,2856.67,2825.51
2019-08-16 16:00:00,2893.63,2864.74
2019-08-19 16:00:00,2931,2913.48
2019-08-20 16:00:00,2923.63,2899.6
2019-08-21 16:00:00,2928.73,2917.91
2019-08-22 16:00:00,2939.08,2904.51
2019-08-23 16:00:00,2927.01,2834.97
2019-08-26 16:00:00,2879.27,2856
2019-08-27 16:00:00,2898.79,2860.59
2019-08-28 16:00:00,2890.03,2853.05
2019-08-29 16:00:00,2930.5,2905.67
2019-08-30 16:00:00,2940.43,2913.32
2019-09-03 16:00:00,2914.39,2891.85
2019-09-04 16:00:00,2938.84,2921.86
2019-09-05 16:00:00,2985.86,2960.6
2019-09-06 16:00:00,2985.03,2972.51
2019-09-09 16:00:00,2989.43,2969.39
2019-09-10 16:00:00,2979.39,2957.01
2019-09-11 16:00:00,3000.93,2975.31
2019-09-12 16:00:00,3020.74,3000.92
2019-09-13 16:00:00,3017.33,3002.9
2019-09-16 16:00:00,3002.19,2990.67
2019-09-17 16:00:00,3006.21,2993.73
2019-09-18 16:00:00,3007.83,2978.57
2019-09-19 16:00:00,3021.99,3003.16
2019-09-20 16:00:00,3016.37,2984.68
2019-09-23 16:00:00,2999.15,2982.23
2019-09-24 16:00:00,3007.98,2957.73
2019-09-25 16:00:00,2989.82,2952.86
2019-09-26 16:00:00,2987.28,2963.71
2019-09-27 16:00:00,2987.31,2945.53
2019-09-30 16:00:00,2983.85,2967.07
2019-10-01 16:00:00,2992.53,2938.7
2019-10-02 16:00:00,2924.78,2874.93
2019-10-03 16:00:00,2911.13,2855.94
2019-10-04 16:00:00,2953.74,2918.56
2019-10-07 16:00:00,2959.75,2935.68
2019-10-08 16:00:00,2925.47,2892.66
2019-10-09 16:00:00,2929.32,2907.41
2019-10-10 16:00:00,2948.46,2917.12
2019-10-11 16:00:00,2993.28,2963.07
2019-10-14 16:00:00,2972.84,2962.94
2019-10-15 16:00:00,3003.28,2973.61
2019-10-16 16:00:00,2997.54,2985.2
2019-10-17 16:00:00,3008.29,2991.79
2019-10-18 16:00:00,3000,2976.31
2019-10-21 16:00:00,3007.33,2995.35
2019-10-22 16:00:00,3014.57,2995.04
2019-10-23 16:00:00,3004.78,2991.21
2019-10-24 16:00:00,3016.07,3000.42
2019-10-25 16:00:00,3027.39,3001.94
2019-10-28 16:00:00,3044.08,3032.12
2019-10-29 16:00:00,3047.87,3034.81
2019-10-30 16:00:00,3050.1,3025.96
2019-10-31 16:00:00,3046.9,3023.19
2019-11-01 16:00:00,3066.95,3050.72
2019-11-04 16:00:00,3085.2,3074.87
2019-11-05 16:00:00,3083.95,3072.15
2019-11-06 16:00:00,3078.34,3065.89
2019-11-07 16:00:00,3097.77,3080.23
2019-11-08 16:00:00,3093.09,3073.58
2019-11-11 16:00:00,3088.33,3075.82
2019-11-12 16:00:00,3102.61,3084.73
2019-11-13 16:00:00,3098.06,3078.8
2019-11-14 16:00:00,3098.2,3083.26
2019-11-15 16:00:00,3120.46,3104.6
2019-11-18 16:00:00,3124.17,3112.06
2019-11-19 16:00:00,3127.64,3113.47
2019-11-20 16:00:00,3118.97,3091.41
2019-11-21 16:00:00,3110.11,3094.55
2019-11-22 16:00:00,3112.87,3099.26
2019-11-25 16:00:00,3133.83,3117.44
2019-11-26 16:00:00,3142.69,3131
2019-11-27 16:00:00,3154.26,3143.41
2019-11-29 13:00:00,3150.3,3139.34
2019-12-02 16:00:00,3144.31,3110.78
2019-12-03 16:00:00,3094.97,3070.33
2019-12-04 16:00:00,3119.38,3102.53
2019-12-05 16:00:00,3119.45,3103.76
2019-12-06 16:00:00,3150.6,3134.62
2019-12-09 16:00:00,3148.87,3135.46
2019-12-10 16:00:00,3142.12,3126.09
2019-12-11 16:00:00,3143.98,3133.21
2019-12-12 16:00:00,3176.28,3138.47
2019-12-13 16:00:00,3182.68,3156.51
2019-12-16 16:00:00,3197.71,3183.63
2019-12-17 16:00:00,3198.22,3191.03
2019-12-18 16:00:00,3198.48,3191.14
2019-12-19 16:00:00,3205.48,3192.32
2019-12-20 16:00:00,3225.65,3216.03
2019-12-23 16:00:00,3227.78,3222.3
2019-12-24 13:00:00,3226.43,3220.51
2019-12-26 16:00:00,3240.08,3227.2
2019-12-27 16:00:00,3247.93,3234.37
2019-12-30 16:00:00,3240.92,3216.57
2019-12-31 16:00:00,3231.72,3212.03
2020-01-02 16:00:00,3258.14,3235.53
2020-01-03 16:00:00,3246.15,3222.34
2020-01-06 16:00:00,3246.84,3214.64
2020-01-07 16:00:00,3244.91,3232.43
2020-01-08 16:00:00,3267.07,3236.67
2020-01-09 16:00:00,3275.58,3263.67
2020-01-10 16:00:00,3282.99,3260.86
2020-01-13 16:00:00,3288.13,3268.43
2020-01-14 16:00:00,3294.25,3277.19
2020-01-15 16:00:00,3298.66,3280.69
2020-01-16 16:00:00,3317.11,3302.82
2020-01-17 16:00:00,3329.88,3318.86
2020-01-21 16:00:00,3329.79,3316.61
2020-01-22 16:00:00,3337.77,3320.04
2020-01-23 16:00:00,3326.88,3301.87
2020-01-24 16:00:00,3333.18,3281.53
2020-01-27 16:00:00,3258.85,3234.5
2020-01-28 16:00:00,3285.78,3253.22
2020-01-29 16:00:00,3293.47,3271.89
2020-01-30 16:00:00,3285.91,3242.8
2020-01-31 16:00:00,3282.33,3214.68
2020-02-03 16:00:00,3268.44,3235.66
2020-02-04 16:00:00,3306.92,3280.61
2020-02-05 16:00:00,3337.58,3313.75
2020-02-06 16:00:00,3347.96,3334.39
2020-02-07 16:00:00,3341.42,3322.12
2020-02-10 16:00:00,3352.26,3317.77
2020-02-11 16:00:00,3375.63,3352.72
2020-02-12 16:00:00,3381.47,3369.72
2020-02-13 16:00:00,3385.09,3360.52
2020-02-14 16:00:00,3380.69,3366.15
2020-02-18 16:00:00,3375.01,3355.61
2020-02-19 16:00:00,3393.52,3378.83
2020-02-20 16:00:00,3389.15,3341.02
2020-02-21 16:00:00,3360.76,3328.45
2020-02-24 16:00:00,3259.81,3214.65
2020-02-25 16:00:00,3246.99,3118.77
2020-02-26 16:00:00,3182.51,3108.99
2020-02-27 16:00:00,3097.07,2977.39
2020-02-28 16:00:00,2959.72,2855.84
2020-03-02 16:00:00,3090.96,2945.19
2020-03-03 16:00:00,3136.72,2976.63
2020-03-04 16:00:00,3130.97,3034.38
2020-03-05 16:00:00,3083.04,2999.83
2020-03-06 16:00:00,2985.93,2901.54
2020-03-09 16:00:00,2863.89,2734.43
2020-03-10 16:00:00,2882.59,2734
2020-03-11 16:00:00,2825.6,2707.22
2020-03-12 16:00:00,2660.95,2478.86
2020-03-13 16:00:00,2711.33,2492.37
2020-03-16 16:00:00,2562.98,2380.94
2020-03-17 16:00:00,2553.93,2367.04
2020-03-18 16:00:00,2453.57,2280.52
2020-03-19 16:00:00,2466.97,2319.78
2020-03-20 16:00:00,2453.01,2295.56
2020-03-23 16:00:00,2300.73,2191.86
2020-03-24 16:00:00,2449.71,2344.44
2020-03-25 16:00:00,2571.42,2407.53
2020-03-26 16:00:00,2637.01,2500.72
2020-03-27 16:00:00,2615.91,2520.02
2020-03-30 16:00:00,2631.8,2545.28
2020-03-31 16:00:00,2641.39,2571.15
2020-04-01 16:00:00,2522.75,2447.49
2020-04-02 16:00:00,2533.22,2455.79
2020-04-03 16:00:00,2538.18,2459.96
2020-04-06 16:00:00,2676.85,2574.57
2020-04-07 16:00:00,2756.89,2657.67
2020-04-08 16:00:00,2760.75,2663.3
2020-04-09 16:00:00,2818.57,2762.36
2020-04-13 16:00:00,2782.46,2721.17
2020-04-14 16:00:00,2851.85,2805.1
2020-04-15 16:00:00,2801.88,2761.54
2020-04-16 16:00:00,2806.51,2764.32
2020-04-17 16:00:00,2879.22,2830.88
2020-04-20 16:00:00,2868.98,2820.43
2020-04-21 16:00:00,2785.54,2727.1
2020-04-22 16:00:00,2815.1,2775.95
2020-04-23 16:00:00,2844.9,2794.26
2020-04-24 16:00:00,2842.71,2791.76
2020-04-27 16:00:00,2887.72,2852.89
2020-04-28 16:00:00,2921.15,2860.71
2020-04-29 16:00:00,2954.86,2912.16
2020-04-30 16:00:00,2930.91,2892.47
2020-05-01 16:00:00,2869.09,2821.61
2020-05-04 16:00:00,2844.24,2797.85
2020-05-05 16:00:00,2898.23,2863.55
2020-05-06 16:00:00,2891.11,2847.65
2020-05-07 16:00:00,2901.92,2876.48
2020-05-08 16:00:00,2932.16,2902.88
2020-05-11 16:00:00,2944.25,2903.44
2020-05-12 16:00:00,2945.82,2869.59
2020-05-13 16:00:00,2874.14,2793.15
2020-05-14 16:00:00,2852.8,2766.64
2020-05-15 16:00:00,2865.01,2816.78
2020-05-18 16:00:00,2968.09,2913.86
2020-05-19 16:00:00,2964.21,2922.35
2020-05-20 16:00:00,2980.29,2953.63
2020-05-21 16:00:00,2978.5,2938.57
2020-05-22 16:00:00,2956.76,2933.59
2020-05-26 16:00:00,3021.72,2988.17
2020-05-27 16:00:00,3036.25,2969.75
2020-05-28 16:00:00,3068.67,3023.4
2020-05-29 16:00:00,3049.17,2998.61
2020-06-01 16:00:00,3062.18,3031.54
2020-06-02 16:00:00,3081.07,3051.64
2020-06-03 16:00:00,3130.94,3098.9
2020-06-04 16:00:00,3128.91,3090.41
2020-06-05 16:00:00,3211.72,3163.84
2020-06-08 16:00:00,3233.13,3196
2020-06-09 16:00:00,3222.71,3193.11
2020-06-10 16:00:00,3223.27,3181.49
2020-06-11 16:00:00,3123.53,2999.49
2020-06-12 16:00:00,3088.42,2984.47
2020-06-15 16:00:00,3079.76,2965.66
2020-06-16 16:00:00,3153.45,3076.06
2020-06-17 16:00:00,3141.16,3108.03
2020-06-18 16:00:00,3120,3093.51
2020-06-19 16:00:00,3155.53,3083.11
2020-06-22 16:00:00,3120.92,3079.39
2020-06-23 16:00:00,3154.9,3127.12
2020-06-24 16:00:00,3115.01,3032.13
2020-06-25 16:00:00,3086.25,3024.01
2020-06-26 16:00:00,3073.73,3004.63
2020-06-29 16:00:00,3053.89,2999.74
2020-06-30 16:00:00,3111.51,3047.83
2020-07-01 16:00:00,3128.44,3101.17
2020-07-02 16:00:00,3165.81,3124.52
2020-07-06 16:00:00,3182.59,3155.29
2020-07-07 16:00:00,3184.15,3142.93
2020-07-08 16:00:00,3171.8,3136.53
2020-07-09 16:00:00,3179.78,3115.7
2020-07-10 16:00:00,3186.82,3136.22
2020-07-13 16:00:00,3235.32,3149.43
2020-07-14 16:00:00,3200.95,3127.66
2020-07-15 16:00:00,3238.28,3200.76
2020-07-16 16:00:00,3220.39,3198.59
2020-07-17 16:00:00,3233.52,3205.65
2020-07-20 16:00:00,3258.61,3215.16
2020-07-21 16:00:00,3277.29,3247.77
2020-07-22 16:00:00,3279.32,3253.1
2020-07-23 16:00:00,3279.99,3222.66
2020-07-24 16:00:00,3227.26,3200.05
2020-07-27 16:00:00,3241.43,3214.25
2020-07-28 16:00:00,3243.72,3216.17
2020-07-29 16:00:00,3264.74,3227.22
2020-07-30 16:00:00,3250.92,3204.13
2020-07-31 16:00:00,3272.17,3220.26
2020-08-03 16:00:00,3302.73,3284.53
2020-08-04 16:00:00,3306.84,3286.37
2020-08-05 16:00:00,3330.77,3317.37
2020-08-06 16:00:00,3351.03,3318.14
2020-08-07 16:00:00,3352.54,3328.72
2020-08-10 16:00:00,3363.29,3335.44
2020-08-11 16:00:00,3381.01,3326.44
2020-08-12 16:00:00,3387.89,3355.46
2020-08-13 16:00:00,3387.24,3363.35
2020-08-14 16:00:00,3378.51,3361.64
2020-08-17 16:00:00,3387.59,3379.22
2020-08-18 16:00:00,3395.06,3370.15
2020-08-19 16:00:00,3399.54,3369.66
2020-08-20 16:00:00,3390.8,3354.69
2020-08-21 16:00:00,3399.96,3379.31
2020-08-24 16:00:00,3432.09,3413.13
2020-08-25 16:00:00,3444.21,3425.84
2020-08-26 16:00:00,3481.07,3444.15
2020-08-27 16:00:00,3501.38,3468.35
2020-08-28 16:00:00,3509.23,3484.32
2020-08-31 16:00:00,3514.77,3493.25
2020-09-01 16:00:00,3528.03,3494.6
2020-09-02 16:00:00,3588.11,3535.23
2020-09-03 16:00:00,3564.85,3427.41
2020-09-04 16:00:00,3479.15,3349.63
2020-09-08 16:00:00,3379.97,3329.27
2020-09-09 16:00:00,3424.77,3366.84
2020-09-10 16:00:00,3425.55,3329.25
2020-09-11 16:00:00,3368.95,3310.47
2020-09-14 16:00:00,3402.93,3363.56
2020-09-15 16:00:00,3419.48,3389.25
2020-09-16 16:00:00,3428.92,3384.45
2020-09-17 16:00:00,3375.17,3328.82
2020-09-18 16:00:00,3362.27,3292.4
2020-09-21 16:00:00,3285.57,3229.1
2020-09-22 16:00:00,3320.31,3270.95
2020-09-23 16:00:00,3323.35,3232.57
2020-09-24 16:00:00,3278.7,3209.45
2020-09-25 16:00:00,3306.88,3228.44
2020-09-28 16:00:00,3360.74,3332.91
2020-09-29 16:00:00,3357.92,3327.54
2020-09-30 16:00:00,3393.56,3340.47
2020-10-01 16:00:00,3397.18,3361.39
2020-10-02 16:00:00,3369.1,3323.69
2020-10-05 16:00:00,3409.57,3367.27
2020-10-06 16:00:00,3431.56,3354.54
2020-10-07 16:00:00,3426.26,3384.56
2020-10-08 16:00:00,3447.28,3428.15
2020-10-09 16:00:00,3482.34,3458.07
2020-10-12 16:00:00,3549.85,3499.61
2020-10-13 16:00:00,3534.01,3500.86
2020-10-14 16:00:00,3527.94,3480.55
2020-10-15 16:00:00,3489.08,3440.89
2020-10-16 16:00:00,3515.76,3480.45
2020-10-19 16:00:00,3502.42,3419.93
2020-10-20 16:00:00,3476.93,3435.65
2020-10-21 16:00:00,3464.86,3433.06
2020-10-22 16:00:00,3460.53,3415.34
2020-10-23 16:00:00,3466.46,3440.45
2020-10-26 16:00:00,3441.42,3364.86
2020-10-27 16:00:00,3409.51,3388.71
2020-10-28 16:00:00,3342.48,3268.89
2020-10-29 16:00:00,3341.05,3259.82
2020-10-30 16:00:00,3304.93,3233.94
2020-11-02 16:00:00,3330.14,3279.74
2020-11-03 16:00:00,3389.49,3336.25
2020-11-04 16:00:00,3486.25,3405.17
2020-11-05 16:00:00,3529.05,3485.74
2020-11-06 16:00:00,3521.58,3484.34
2020-11-09 16:00:00,3645.99,3547.48
2020-11-10 16:00:00,3557.22,3511.91
2020-11-11 16:00:00,3581.16,3557
2020-11-12 16:00:00,3569.02,3518.58
2020-11-13 16:00:00,3593.66,3552.57
2020-11-16 16:00:00,3628.51,3600.16
2020-11-17 16:00:00,3623.11,3588.68
2020-11-18 16:00:00,3619.09,3567.33
2020-11-19 16:00:00,3585.22,3543.84
2020-11-20 16:00:00,3581.23,3556.85
2020-11-23 16:00:00,3589.81,3552.77
2020-11-24 16:00:00,3642.31,3594.52
2020-11-25 16:00:00,3635.5,3617.76
2020-11-27 13:00:00,3644.31,3629.33
2020-11-30 16:00:00,3634.18,3594.39
2020-12-01 16:00:00,3678.45,3645.87
2020-12-02 16:00:00,3670.96,3644.84
2020-12-03 16:00:00,3682.73,3657.17
2020-12-04 16:00:00,3699.2,3670.94
2020-12-07 16:00:00,3697.41,3678.88
2020-12-08 16:00:00,3708.45,3678.83
2020-12-09 16:00:00,3712.39,3660.54
2020-12-10 16:00:00,3678.49,3645.18
2020-12-11 16:00:00,3665.91,3633.4
2020-12-14 16:00:00,3697.61,3645.84
2020-12-15 16:00:00,3695.29,3659.62
2020-12-16 16:00:00,3711.27,3688.57
2020-12-17 16:00:00,3725.12,3710.87
2020-12-18 16:00:00,3726.7,3685.84
2020-12-21 16:00:00,3702.9,3636.48
2020-12-22 16:00:00,3698.26,3676.16
2020-12-23 16:00:00,3711.24,3689.28
2020-12-24 13:00:00,3703.82,3689.32
2020-12-28 16:00:00,3740.51,3723.03
2020-12-29 16:00:00,3756.12,3723.31
2020-12-30 16:00:00,3744.63,3730.21
2020-12-31 16:00:00,3760.2,3726.88
2021-01-04 16:00:00,3769.99,3662.71
2021-01-05 16:00:00,3737.83,3695.07
2021-01-06 16:00:00,3783.04,3705.34
2021-01-07 16:00:00,3811.55,3764.71
2021-01-08 16:00:00,3826.69,3783.6
2021-01-11 16:00:00,3817.86,3789.02
2021-01-12 16:00:00,3810.78,3776.51
2021-01-13 16:00:00,3820.96,3791.5
2021-01-14 16:00:00,3823.6,3792.86
2021-01-15 16:00:00,3788.73,3749.62
2021-01-19 16:00:00,3804.53,3780.37
2021-01-20 16:00:00,3859.75,3816.22
2021-01-21 16:00:00,3861.45,3845.05
2021-01-22 16:00:00,3852.31,3830.41
2021-01-25 16:00:00,3859.23,3797.16
2021-01-26 16:00:00,3870.9,3847.78
2021-01-27 16:00:00,3836.83,3732.48
2021-01-28 16:00:00,3830.5,3755.75
2021-01-29 16:00:00,3778.05,3694.12
2021-02-01 16:00:00,3784.32,3725.62
2021-02-02 16:00:00,3843.09,3791.84
2021-02-03 16:00:00,3847.51,3816.68
2021-02-04 16:00:00,3872.42,3836.66
2021-02-05 16:00:00,3894.56,3874.93
2021-02-08 16:00:00,3915.77,3892.59
2021-02-09 16:00:00,3918.35,3902.64
2021-02-10 16:00:00,3931.5,3884.94
2021-02-11 16:00:00,3925.99,3890.39
2021-02-12 16:00:00,3937.23,3905.78
2021-02-16 16:00:00,3950.43,3923.85
2021-02-17 16:00:00,3933.61,3900.43
2021-02-18 16:00:00,3921.98,3885.03
2021-02-19 16:00:00,3930.41,3903.07
2021-02-22 16:00:00,3902.92,3874.71
2021-02-23 16:00:00,3895.98,3805.59
2021-02-24 16:00:00,3928.65,3859.6
2021-02-25 16:00:00,3925.02,3814.04
2021-02-26 16:00:00,3861.08,3789.54
2021-03-01 16:00:00,3914.5,3842.51
2021-03-02 16:00:00,3906.41,3868.57
2021-03-03 16:00:00,3874.47,3818.86
2021-03-04 16:00:00,3843.67,3723.34
2021-03-05 16:00:00,3851.69,3730.19
2021-03-08 16:00:00,3881.06,3819.25
2021-03-09 16:00:00,3903.76,3851.93
2021-03-10 16:00:00,3917.35,3885.73
2021-03-11 16:00:00,3960.27,3915.54
2021-03-12 16:00:00,3944.99,3915.21
2021-03-15 16:00:00,3970.08,3923.54
2021-03-16 16:00:00,3981.04,3953.44
2021-03-17 16:00:00,3983.87,3935.74
2021-03-18 16:00:00,3969.62,3910.86
2021-03-19 16:00:00,3930.12,3886.75
2021-03-22 16:00:00,3955.31,3914.16
2021-03-23 16:00:00,3949.13,3901.57
2021-03-24 16:00:00,3942.08,3889.07
2021-03-25 16:00:00,3919.54,3853.5
2021-03-26 16:00:00,3978.19,3917.12
2021-03-29 16:00:00,3981.83,3943.25
2021-03-30 16:00:00,3968.01,3944.35
2021-03-31 16:00:00,3994.41,3966.98
2021-04-01 16:00:00,4020.63,3992.78
2021-04-05 16:00:00,4083.42,4034.44
2021-04-06 16:00:00,4086.23,4068.14
2021-04-07 16:00:00,4083.13,4068.31
2021-04-08 16:00:00,4098.19,4082.54
2021-04-09 16:00:00,4129.48,4095.51
2021-04-12 16:00:00,4131.76,4114.82
2021-04-13 16:00:00,4148,4124.43
